  6.3123703002929688E-03 -0.1043118238449097      0.9923163056373596    
  7.9987682402133942E-03 -2.0925652235746384E-02  2.2434100508689880E-02
 -2.0925652235746384E-02  5.5296916514635086E-02 -5.9204597026109695E-02
  2.2434100508689880E-02 -5.9204597026109695E-02  6.7375004291534424E-02
  4.4968501E-03
           9
 -4.2410776950418949E-04   1.063812255859375       5.001325607299805    
  9.6216313540935516E-03   1.939193725585938    
  1.8589162154025729E-10  4.3474784883201778E-10 -1.6588613149792764E-08
 -2.8818757868975808E-07 -5.8576169692514668E-08  4.3474784883201778E-10
  1.7077938537113369E-04 -4.1655482618807582E-08 -7.1594342898606556E-07
 -2.7478979900479317E-02 -1.6588613149792764E-08 -4.1655482618807582E-08
  1.5503471786360024E-06  2.7246585887041874E-05  5.1396255003055558E-06
 -2.8818757868975808E-07 -7.1594342898606556E-07  2.7246585887041874E-05
  5.0412979908287525E-04  8.8897584646474570E-05 -5.8576169692514668E-08
 -2.7478979900479317E-02  5.1396255003055558E-06  8.8897584646474570E-05
   4.435287952423096    
  1.3028485700488091E-03  0.9880909323692322       5.070056915283203    
  3.2315295189619064E-02  0.7561352252960205    
  2.9891766145651033E-11  8.2557366498647866E-10 -2.4246920027337637E-09
 -5.3860052418031046E-08 -4.9596033946386342E-09  8.2557366498647866E-10
  2.3897298433439573E-06 -2.0203591688527922E-08 -2.3785327130099176E-07
 -1.2183767103124410E-04 -2.4246920027337637E-09 -2.0203591688527922E-08
  5.2718547749464051E-07  1.1346215615049005E-05 -1.8388627154308779E-07
 -5.3860052418031046E-08 -2.3785327130099176E-07  1.1346215615049005E-05
  2.7728447457775474E-04 -6.8242934503359720E-06 -4.9596033946386342E-09
 -1.2183767103124410E-04 -1.8388627154308779E-07 -6.8242934503359720E-06
  1.3252256438136101E-02
  4.1278116405010223E-03  0.9896368384361267       5.150986671447754    
  1.9360981881618500E-02  0.9756882786750793    
  2.4145058175051304E-10  2.6674433328821578E-08 -8.3085058832921277E-09
 -1.2214077571570670E-07 -3.8538439639523858E-07  2.6674433328821578E-08
  1.6038980902521871E-05 -5.8332528851678944E-07 -6.2096983128867578E-06
 -4.7447974793612957E-04 -8.3085058832921277E-09 -5.8332528851678944E-07
  1.2212766478114645E-06  2.3616565158590674E-05  6.2303647609951440E-06
 -1.2214077571570670E-07 -6.2096983128867578E-06  2.3616565158590674E-05
  4.7962053213268518E-04  4.1540719394106418E-05 -3.8538439639523858E-07
 -4.7447974793612957E-04  6.2303647609951440E-06  4.1540719394106418E-05
  3.5410266369581223E-02
  1.1112513020634651E-03  -1.005058288574219       1.958042144775391    
 -1.1016935110092163E-02  0.9397585988044739    
  2.3064865989352867E-11 -5.1633958220165255E-10 -1.8799255485646427E-09
 -4.0102072773606778E-08  3.3853904124470091E-09 -5.1633958220165255E-10
  2.0375077838252764E-06  1.2434007601314079E-08  1.4696910000111529E-07
 -1.1985578748863190E-04 -1.8799255485646427E-09  1.2434007601314079E-08
  3.8936070723138982E-07  8.4580042312154546E-06  1.3224394024291541E-07
 -4.0102072773606778E-08  1.4696910000111529E-07  8.4580042312154546E-06
  2.0002764358650893E-04  4.4960997911402956E-06  3.3853904124470091E-09
 -1.1985578748863190E-04  1.3224394024291541E-07  4.4960997911402956E-06
  1.3266724534332752E-02
  7.7478811144828796E-03  0.9952549338340759       4.412294387817383    
  -26.49824523925781       12.04267787933350    
  2.2096618579325877E-07 -3.6713305462399148E-07 -2.1138925148989074E-05
 -1.9826826173812151E-03  1.3440836919471622E-03 -3.6713305462399148E-07
  3.4860429877880961E-05  3.3332613384118304E-05  2.7974816039204597E-03
 -6.6674523986876011E-03 -2.1138925148989074E-05  3.3332613384118304E-05
  2.0242168102413416E-03  0.1901929825544357     -0.1287034898996353    
 -1.9826826173812151E-03  2.7974816039204597E-03  0.1901929825544357    
   17.93481063842773      -12.09148788452148      1.3440836919471622E-03
 -6.6674523986876011E-03 -0.1287034898996353      -12.09148788452148    
   8.821915626525879    
 -3.1729317270219326E-03  0.9995988011360168       5.316458702087402    
   14.01624679565430       3.855797767639160    
  2.0584267623746655E-09  1.8762402742567019E-09 -2.4166325829355628E-07
 -1.5514515325776301E-05 -5.5816344683989882E-06  1.8762402742567019E-09
  7.4806252996495459E-06 -2.2789672016187978E-07 -1.4699359780934174E-05
 -9.9866499658674002E-04 -2.4166325829355628E-07 -2.2789672016187978E-07
  2.8676029614871368E-05  1.8567495280876756E-03  6.6614249954000115E-04
 -1.5514515325776301E-05 -1.4699359780934174E-05  1.8567495280876756E-03
  0.1211614161729813      4.3338157236576080E-02 -5.5816344683989882E-06
 -9.9866499658674002E-04  6.6614249954000115E-04  4.3338157236576080E-02
  0.1517619937658310    
 -4.7982810065150261E-04   1.015419960021973       5.080218315124512    
  4.8599738627672195E-02  0.9485334753990173    
  1.2580585011245926E-11 -3.5298302475395005E-11 -1.1746721373384617E-09
 -3.1771367758892666E-08 -6.7832195416173136E-10 -3.5298302475395005E-11
  1.2119087386963656E-06  4.8218712356273841E-10  2.0899673103258465E-09
 -1.0808369552250952E-04 -1.1746721373384617E-09  4.8218712356273841E-10
  1.6448024098281167E-07  4.3178683881706093E-06  8.8640923934235616E-08
 -3.1771367758892666E-08  2.0899673103258465E-09  4.3178683881706093E-06
  1.4078912499826401E-04  2.5933547931344947E-06 -6.7832195416173136E-10
 -1.0808369552250952E-04  8.8640923934235616E-08  2.5933547931344947E-06
  1.2958428822457790E-02
 -1.6024520155042410E-03   1.000203132629395       5.043628692626953    
  0.6057646274566650       1.641718864440918    
  1.0407876643858671E-10 -1.2051021291981101E-10 -1.0506723491232606E-08
 -4.4480171368377341E-07 -2.7638696664666895E-08 -1.2051021291981101E-10
  2.1372866285673808E-06  1.5358324612080310E-09  2.6631365557250319E-08
 -2.2795487893745303E-04 -1.0506723491232606E-08  1.5358324612080310E-09
  1.1975191682722652E-06  5.2821742428932339E-05  3.5915393254981609E-06
 -4.4480171368377341E-07  2.6631365557250319E-08  5.2821742428932339E-05
  2.5604662951081991E-03  1.7016510537359864E-04 -2.7638696664666895E-08
 -2.2795487893745303E-04  3.5915393254981609E-06  1.7016510537359864E-04
  2.8385784476995468E-02
  1.7341591883450747E-03  0.0000000000000000E+00   4.989191055297852    
 -0.2543751597404480      0.0000000000000000E+00
  3.9291112443606835E-06  0.0000000000000000E+00 -7.9890967754181474E-05
 -7.9251977149397135E-04  0.0000000000000000E+00  0.0000000000000000E+00
   96864.71093750000      0.0000000000000000E+00  0.0000000000000000E+00
  -1966338.375000000     -7.9890967754181474E-05  0.0000000000000000E+00
  1.6305553726851940E-03  1.6235833987593651E-02  0.0000000000000000E+00
 -7.9251977149397135E-04  0.0000000000000000E+00  1.6235833987593651E-02
  0.1623257547616959      0.0000000000000000E+00  0.0000000000000000E+00
  -1966338.375000000      0.0000000000000000E+00  0.0000000000000000E+00
   40915064.00000000    
