 -0.1000121831893921     -0.2452918887138367     -0.9374105334281921    
  9.4334781169891357E-02  0.1407589912414551      7.2002150118350983E-03
  0.1407589912414551      0.2103186845779419      1.0753586888313293E-02
  7.2002150118350983E-03  1.0753586888313293E-02  1.3803227338939905E-03
  4.4968501E-03
           8
  5.1558427512645721E-03 -3.5137880593538284E-02   3.689295768737793    
  -19.63296508789063     -0.8447815179824829    
  1.6207010844482284E-08  1.2904063373397889E-09 -1.7377312815369805E-06
 -1.2140598119003698E-04 -2.2500848899653647E-06  1.2904063373397889E-09
  1.6053512581493123E-06 -1.3455769476422574E-07 -8.9861614469555207E-06
 -1.9976982730440795E-04 -1.7377312815369805E-06 -1.3455769476422574E-07
  1.8729388830251992E-04  1.3151426799595356E-02  2.4267734261229634E-04
 -1.2140598119003698E-04 -8.9861614469555207E-06  1.3151426799595356E-02
  0.9285873174667358      1.7062719911336899E-02 -2.2500848899653647E-06
 -1.9976982730440795E-04  2.4267734261229634E-04  1.7062719911336899E-02
  2.5854812934994698E-02
  1.0222631972283125E-03 -0.1531450748443604       4.134765625000000    
 -4.7871064394712448E-02 -0.9221548438072205    
  6.3731464550187411E-11 -2.8291990278317414E-11 -4.5583279373317964E-09
 -8.1854309996742813E-08 -2.5846422779807199E-09 -2.8291990278317414E-11
  1.7486526076027076E-06 -8.6878165772574789E-10 -2.3636587798137043E-08
 -1.8710104632191360E-04 -4.5583279373317964E-09 -8.6878165772574789E-10
  6.7443136231304379E-07  1.3087306797388010E-05  2.5024388605743297E-07
 -8.1854309996742813E-08 -2.3636587798137043E-08  1.3087306797388010E-05
  2.7391669573262334E-04  4.7279745558626018E-06 -2.5846422779807199E-09
 -1.8710104632191360E-04  2.5024388605743297E-07  4.7279745558626018E-06
  2.5187596678733826E-02
 -3.4528062678873539E-04  6.6160976886749268E-02  0.9777677059173584    
  5.2629888057708740E-02 -0.8269841074943542    
  2.2378914693588214E-11  4.1183834229192862E-13 -1.7934257412477450E-09
 -3.7879896552794889E-08 -1.5034799794033660E-10  4.1183834229192862E-13
  5.2632265123975230E-07 -1.0235810810055312E-10 -1.9373640469666498E-09
 -6.0465888964245096E-05 -1.7934257412477450E-09 -1.0235810810055312E-10
  1.9439833920387173E-07  4.3497830120031722E-06  1.0898832059069719E-08
 -3.7879896552794889E-08 -1.9373640469666498E-09  4.3497830120031722E-06
  1.2380778207443655E-04  2.3575495333716390E-07 -1.5034799794033660E-10
 -6.0465888964245096E-05  1.0898832059069719E-08  2.3575495333716390E-07
  7.7938358299434185E-03
  8.2478998228907585E-04  4.1790567338466644E-03  0.9557159543037415    
  4.0114376693964005E-02 -0.9243872165679932    
  1.0021111024327567E-10 -3.2625494645298347E-13 -9.7621102312928087E-09
 -4.0983096027957799E-07  3.3674250887738566E-11 -3.2625494645298347E-13
  1.6596571583704645E-07  1.6352945039765920E-11  0.0000000000000000E+00
 -1.5746649296488613E-05 -9.7621102312928087E-09  1.6352945039765920E-11
  1.0070558573715971E-06  4.4064880057703704E-05 -6.7514456247863563E-09
 -4.0983096027957799E-07  0.0000000000000000E+00  4.4064880057703704E-05
  2.0502323750406504E-03 -2.2847190450647759E-07  3.3674250887738566E-11
 -1.5746649296488613E-05 -6.7514456247863563E-09 -2.2847190450647759E-07
  1.7680724849924445E-03
 -3.6154966801404953E-04  7.6466262340545654E-02  0.9589708447456360    
  0.2235544919967651     -0.8341494798660278    
  1.5731073388369765E-10  1.7359909083164426E-12 -1.8391633105352412E-08
 -9.9524459074018523E-07 -1.4526145841742277E-09  1.7359909083164426E-12
  3.3259374276894960E-07 -2.0467881556296419E-10 -7.6070785226534099E-09
 -3.9264261431526393E-05 -1.8391633105352412E-08 -2.0467881556296419E-10
  2.1868008843739517E-06  1.2045855692122132E-04  1.6709056183117355E-07
 -9.9524459074018523E-07 -7.6070785226534099E-09  1.2045855692122132E-04
  6.7964452318847179E-03  9.3151156761450693E-06 -1.4526145841742277E-09
 -3.9264261431526393E-05  1.6709056183117355E-07  9.3151156761450693E-06
  4.9871760420501232E-03
 -2.3352776188403368E-03  0.1106221675872803      0.9887739419937134    
  0.2377778887748718      -1.013796806335449    
  9.7979424573679808E-10  1.2461147391729099E-10 -1.0730643396072992E-07
 -5.5021660045895260E-06 -6.2417861101948802E-08  1.2461147391729099E-10
  5.5996122227952583E-07 -1.2906097524023608E-08 -5.5172262136693462E-07
 -5.8494824770605192E-05 -1.0730643396072992E-07 -1.2906097524023608E-08
  1.2091177268302999E-05  6.3332373974844813E-04  7.0709493229514919E-06
 -5.5021660045895260E-06 -5.5172262136693462E-07  6.3332373974844813E-04
  3.3975325524806976E-02  3.6997787537984550E-04 -6.2417861101948802E-08
 -5.8494824770605192E-05  7.0709493229514919E-06  3.6997787537984550E-04
  6.7450553178787231E-03
  1.0539859067648649E-03  2.4304449558258057E-02  0.9311890602111816    
 -4.0677450597286224E-03  -1.060013771057129    
  6.9280320369458082E-10 -8.1975719615212661E-12 -8.3576132681173476E-08
 -4.7901276047923602E-06  5.3271906885754561E-09 -8.1975719615212661E-12
  4.2099620145563676E-07  8.2986917337990462E-10  3.3983035052642663E-08
 -5.1498798711691052E-05 -8.3576132681173476E-08  8.2986917337990462E-10
  1.0224006473436020E-05  5.9360469458624721E-04 -6.5758621303757536E-07
 -4.7901276047923602E-06  3.3983035052642663E-08  5.9360469458624721E-04
  3.4988880157470703E-02 -3.7858055293327197E-05  5.3271906885754561E-09
 -5.1498798711691052E-05 -6.5758621303757536E-07 -3.7858055293327197E-05
  6.6601377911865711E-03
 -1.5017373953014612E-03 -3.1672786921262741E-02   4.245181083679199    
   5.070503234863281      -1.147254943847656    
  3.9333429846521994E-09 -5.3516580056367502E-11 -5.2496358193820924E-07
 -3.5178705729776993E-05  1.6365019916975143E-07 -5.3516580056367502E-11
  1.1377189821359934E-06  6.4443135272540530E-09  3.8662130918964976E-07
 -1.5564193017780781E-04 -5.2496358193820924E-07  6.4443135272540530E-09
  7.0413072535302490E-05  4.7408263199031353E-03 -2.2044487195671536E-05
 -3.5178705729776993E-05  3.8662130918964976E-07  4.7408263199031353E-03
  0.3207573592662811     -1.4845151454210281E-03  1.6365019916975143E-07
 -1.5564193017780781E-04 -2.2044487195671536E-05 -1.4845151454210281E-03
  2.1782450377941132E-02
