   31.06571960449219      -2.294458389282227       13.89561367034912    
  3.8415959570556879E-03 -2.3242077440954745E-04  6.8471021950244904E-04
 -2.3242077440954745E-04  7.8103199484758079E-05 -4.3861669837497175E-05
  6.8471021950244904E-04 -4.3861669837497175E-05  1.1249501258134842E-03
  4.4968501E-03
          20
 -2.1996714174747467E-02  0.1006219387054443       1.827859878540039    
   83.70999145507813      -124.1669158935547    
  3.3521352804655180E-08 -4.6891788230141174E-09 -5.2358149105202756E-07
 -5.0949220167240128E-05 -6.8999879658804275E-06 -4.6891788230141174E-09
  1.1477002772153355E-05 -2.0052326465958004E-09 -1.0169636880164035E-05
 -4.8315405729226768E-04 -5.2358149105202756E-07 -2.0052326465958004E-09
  8.7587286543566734E-06  8.9043402113020420E-04  1.2031644291710109E-04
 -5.0949220167240128E-05 -1.0169636880164035E-05  8.9043402113020420E-04
  9.6967987716197968E-02  1.3121587224304676E-02 -6.8999879658804275E-06
 -4.8315405729226768E-04  1.2031644291710109E-04  1.3121587224304676E-02
  2.3887200281023979E-02
 -1.5019770711660385E-02  0.1145483255386353       6.265640258789063    
  -4.848699569702148       10.22899150848389    
  4.2300145608464845E-09 -1.2706277630059049E-07 -9.7387776065716025E-08
 -9.6731764642754570E-07  2.1726634713559179E-06 -1.2706277630059049E-07
  8.3436185377649963E-05  2.8677100090135355E-06  2.7713442250387743E-05
 -1.6871936386451125E-03 -9.7387776065716025E-08  2.8677100090135355E-06
  4.1216612771677319E-06  5.7166707847500220E-05 -4.9157995817949995E-05
 -9.6731764642754570E-07  2.7713442250387743E-05  5.7166707847500220E-05
  8.9596968609839678E-04 -4.7448195982724428E-04  2.1726634713559179E-06
 -1.6871936386451125E-03 -4.9157995817949995E-05 -4.7448195982724428E-04
  4.3964534997940063E-02
 -1.8860537558794022E-02  0.1454453468322754      0.5297361612319946    
   10.95741462707520       9.937927246093750    
  9.7155393063985684E-08  1.0979714915038130E-07 -4.7162870941974688E-06
 -2.3784369113855064E-04 -3.0603478080593050E-05  1.0979714915038130E-07
  1.4007201571075711E-05 -5.1241963774373289E-06 -2.1478661801666021E-04
 -8.0858077853918076E-04 -4.7162870941974688E-06 -5.1241963774373289E-06
  2.3391602735500783E-04  1.1928477324545383E-02  1.5090430388227105E-03
 -2.3784369113855064E-04 -2.1478661801666021E-04  1.1928477324545383E-02
  0.6332155466079712      7.6619707047939301E-02 -3.0603478080593050E-05
 -8.0858077853918076E-04  1.5090430388227105E-03  7.6619707047939301E-02
  5.6221980601549149E-02
  6.7323097027838230E-04  0.4172870516777039       6.203581809997559    
  0.1397570371627808      0.9695693850517273    
  2.4713260951547689E-11  2.7174798869489258E-11 -1.9618155988609942E-09
 -3.9449219002563041E-08  1.1210119499338589E-09  2.7174798869489258E-11
  1.7950738993022242E-06  2.9551222580082026E-10  1.2684948202945634E-08
 -2.0818176562897861E-04 -1.9618155988609942E-09  2.9551222580082026E-10
  3.0405249162868131E-07  6.4721907619968988E-06 -1.4628527367221977E-07
 -3.9449219002563041E-08  1.2684948202945634E-08  6.4721907619968988E-06
  1.5519147564191371E-04 -3.1396689337270800E-06  1.1210119499338589E-09
 -2.0818176562897861E-04 -1.4628527367221977E-07 -3.1396689337270800E-06
  2.7492398396134377E-02
 -6.3703246414661407E-03  6.2410268932580948E-02   6.246845245361328    
  -1.781660079956055       11.94404315948486    
  2.1059778365639659E-09 -3.2974573072053204E-10 -2.0059378869063949E-07
 -8.6280160758178681E-06 -6.6064878012639383E-08 -3.2974573072053204E-10
  1.7971115084947087E-06  2.1594571464333967E-08  1.3335514950085781E-06
 -1.1423637624830008E-04 -2.0059378869063949E-07  2.1594571464333967E-08
  2.0942516130162403E-05  9.4152166275307536E-04  7.9291521615232341E-06
 -8.6280160758178681E-06  1.3335514950085781E-06  9.4152166275307536E-04
  4.5180689543485641E-02  3.6361726233735681E-04 -6.6064878012639383E-08
 -1.1423637624830008E-04  7.9291521615232341E-06  3.6361726233735681E-04
  8.3865309134125710E-03
 -3.5395426675677299E-04 -0.4790933132171631       3.085442543029785    
  1.7965778242796659E-03  0.3303802609443665    
  1.1416056468205316E-11  4.4278782029838482E-12 -9.2272312013363944E-10
 -2.1974825514803342E-08  1.5430563771179351E-10  4.4278782029838482E-12
  5.8052154372489895E-07  5.1959304914195314E-11  1.9818104934898884E-09
 -5.6111501180566847E-05 -9.2272312013363944E-10  5.1959304914195314E-11
  1.1626482887550083E-07  2.8254262360860594E-06 -2.3358190048838878E-08
 -2.1974825514803342E-08  1.9818104934898884E-09  2.8254262360860594E-06
  8.6295833170879632E-05 -6.3637031644248054E-07  1.5430563771179351E-10
 -5.6111501180566847E-05 -2.3358190048838878E-08 -6.3637031644248054E-07
  6.6507626324892044E-03
 -5.4161213338375092E-03   1.211478233337402       6.198770523071289    
  -2.842356681823730      -24.05328369140625    
  1.2041396768580626E-09 -8.2197049167120895E-09 -1.1862869797596431E-07
 -5.4558727242692839E-06 -2.5357553568028379E-07 -8.2197049167120895E-09
  6.1754349189868663E-06  5.2704575637108064E-07  2.2875025024404749E-05
 -4.4958936632610857E-04 -1.1862869797596431E-07  5.2704575637108064E-07
  1.2697061720245983E-05  6.0957047389820218E-04  5.1116294343955815E-05
 -5.4558727242692839E-06  2.2875025024404749E-05  6.0957047389820218E-04
  3.1049119308590889E-02  2.8814557008445263E-03 -2.5357553568028379E-07
 -4.4958936632610857E-04  5.1116294343955815E-05  2.8814557008445263E-03
  3.9345823228359222E-02
 -1.4985967427492142E-03  0.5221397280693054       6.211153030395508    
  0.4433127641677856      0.4681499004364014    
  4.3061200438732072E-11 -6.1502342107999652E-10 -2.5504653944352640E-09
 -5.0183484034960202E-08  8.9559355487267567E-09 -6.1502342107999652E-10
  1.9544709175534081E-06  1.3690844902214394E-08  1.4572347595276369E-07
 -1.1896023352164775E-04 -2.5504653944352640E-09  1.3690844902214394E-08
  6.8875897341058590E-07  1.3905767445976380E-05  1.4854623486826313E-07
 -5.0183484034960202E-08  1.4572347595276369E-07  1.3905767445976380E-05
  3.1424991902895272E-04  6.2666113080922514E-06  8.9559355487267567E-09
 -1.1896023352164775E-04  1.4854623486826313E-07  6.2666113080922514E-06
  1.2514574453234673E-02
  3.4790732897818089E-03  0.6995683312416077      0.1743057966232300    
   9.299552917480469      -7.302127838134766    
  1.1193118654162504E-09  1.2145986438838463E-09 -1.2299236118451518E-07
 -5.7995139286504127E-06 -4.8088077164720744E-07  1.2145986438838463E-09
  1.7202132767124567E-06 -1.4314611007648637E-07 -1.0772545465442818E-05
 -1.4433733304031193E-04 -1.2299236118451518E-07 -1.4314611007648637E-07
  1.4242303222999908E-05  6.9605623139068484E-04  5.5581807828275487E-05
 -5.7995139286504127E-06 -1.0772545465442818E-05  6.9605623139068484E-04
  3.5881940275430679E-02  2.9609361663460732E-03 -4.8088077164720744E-07
 -1.4433733304031193E-04  5.5581807828275487E-05  2.9609361663460732E-03
  1.4737380668520927E-02
  3.7350989878177643E-03 -5.3170144557952881E-02   6.066976547241211    
  -2.575300216674805       15.50442600250244    
  8.9723672935804188E-10  4.6717008733709875E-11 -8.2999434880548506E-08
 -3.5708601444639498E-06 -3.6805083425406337E-08  4.6717008733709875E-11
  7.1846790206109290E-07 -6.0290088477188419E-09 -2.6105738015758106E-07
 -5.6651115301065147E-05 -8.2999434880548506E-08 -6.0290088477188419E-09
  8.2258566180826165E-06  3.6755501059815288E-04  3.8115842926345067E-06
 -3.5708601444639498E-06 -2.6105738015758106E-07  3.6755501059815288E-04
  1.7031017690896988E-02  1.7418197239749134E-04 -3.6805083425406337E-08
 -5.6651115301065147E-05  3.8115842926345067E-06  1.7418197239749134E-04
  5.1271263509988785E-03
  1.2928776443004608E-02 -0.1959481239318848       5.077489852905273    
  -27.00791931152344       16.58061218261719    
  2.8852125133482787E-09 -1.1429798441042749E-08 -1.3317715286120801E-07
 -6.5827580328914337E-06 -7.9001881658768980E-07 -1.1429798441042749E-08
  5.6049689192150254E-06  2.3251425318449037E-07  2.0814984509343049E-06
 -2.1737463248427957E-04 -1.3317715286120801E-07  2.3251425318449037E-07
  8.8787428467185237E-06  4.7680037096142769E-04  7.2795934102032334E-05
 -6.5827580328914337E-06  2.0814984509343049E-06  4.7680037096142769E-04
  2.8152462095022202E-02  4.5980224385857582E-03 -7.9001881658768980E-07
 -2.1737463248427957E-04  7.2795934102032334E-05  4.5980224385857582E-03
  1.1024140752851963E-02
  1.4079343527555466E-02 -0.1930271983146667       5.095182418823242    
  -38.16755676269531      -74.00827026367188    
  3.8953942294028820E-09 -1.2810094318638221E-08 -1.4654771973710012E-07
 -8.1592133938102052E-06 -1.2264281394891441E-06 -1.2810094318638221E-08
  6.5039516812248621E-06  2.4903161488509795E-07  3.1186721116682747E-06
 -2.7343034162186086E-04 -1.4654771973710012E-07  2.4903161488509795E-07
  7.4067338573513553E-06  4.5123920426703990E-04  7.9122568422462791E-05
 -8.1592133938102052E-06  3.1186721116682747E-06  4.5123920426703990E-04
  3.0172882601618767E-02  5.6360932067036629E-03 -1.2264281394891441E-06
 -2.7343034162186086E-04  7.9122568422462791E-05  5.6360932067036629E-03
  1.4518820680677891E-02
 -1.4003153890371323E-02  0.1895626187324524       1.954574584960938    
   38.27214050292969      -73.89511108398438    
  6.0092832931957219E-09 -9.1892351505862280E-09 -2.3475176647025364E-07
 -1.3469047189573757E-05 -2.4584073798905592E-06 -9.1892351505862280E-09
  6.8415783971431665E-06  9.3224556962923089E-08 -6.3053016674530227E-06
 -2.8506686794571579E-04 -2.3475176647025364E-07  9.3224556962923089E-08
  1.1305573934805579E-05  6.8463536445051432E-04  1.3209269673097879E-04
 -1.3469047189573757E-05 -6.3053016674530227E-06  6.8463536445051432E-04
  4.4714219868183136E-02  8.8810417801141739E-03 -2.4584073798905592E-06
 -2.8506686794571579E-04  1.3209269673097879E-04  8.8810417801141739E-03
  1.5842428430914879E-02
  5.7975435629487038E-04  0.4925516843795776       6.218580245971680    
  0.6462366580963135      -1.157280921936035    
  2.0069519379717349E-09 -9.2375766758134858E-11 -2.2950020195366960E-07
 -1.2739175872411579E-05  6.7506320533539110E-08 -9.2375766758134858E-11
  7.3612568485259544E-06  6.6992287273137663E-09  1.5674349640448781E-07
 -7.9950672807171941E-04 -2.2950020195366960E-07  6.6992287273137663E-09
  2.6461540983291343E-05  1.4800805365666747E-03 -7.6899405030417256E-06
 -1.2739175872411579E-05  1.5674349640448781E-07  1.4800805365666747E-03
  8.3438634872436523E-02 -4.2145268525928259E-04  6.7506320533539110E-08
 -7.9950672807171941E-04 -7.6899405030417256E-06 -4.2145268525928259E-04
  8.9390397071838379E-02
  1.5627592802047729E-03  0.4803985953330994       6.130919456481934    
  -1.166560173034668       1.028212547302246    
  3.0090541169869311E-10 -5.2428242303115269E-11 -3.1732099614600884E-08
 -1.5359075860033045E-06  5.8350703824316952E-08 -5.2428242303115269E-11
  1.7572396018294967E-06  5.4275499650202619E-09  1.9854907407079736E-07
 -1.7591676441952586E-04 -3.1732099614600884E-08  5.4275499650202619E-09
  3.4636284453881672E-06  1.7180186114273965E-04 -6.4983187257894315E-06
 -1.5359075860033045E-06  1.9854907407079736E-07  1.7180186114273965E-04
  8.7632425129413605E-03 -3.2582358107902110E-04  5.8350703824316952E-08
 -1.7591676441952586E-04 -6.4983187257894315E-06 -3.2582358107902110E-04
  1.9321082159876823E-02
 -2.9212441295385361E-02   1.981330871582031      0.8299042582511902    
   18.73997497558594      -26.26438903808594    
  3.4278642147000937E-07  1.2919656455778750E-06 -7.4482309173617978E-06
 -2.4633808061480522E-04 -5.1442789845168591E-04  1.2919656455778750E-06
  2.3825897369533777E-04 -3.0053077352931723E-05 -1.0330835357308388E-03
 -1.0428138077259064E-02 -7.4482309173617978E-06 -3.0053077352931723E-05
  1.6555259935557842E-04  5.5838180705904961E-03  1.1576822027564049E-02
 -2.4633808061480522E-04 -1.0330835357308388E-03  5.5838180705904961E-03
  0.1923589855432510      0.3953465223312378     -5.1442789845168591E-04
 -1.0428138077259064E-02  1.1576822027564049E-02  0.3953465223312378    
   1.131637692451477    
  4.3653201311826706E-02 -0.1781496405601501       3.692549705505371    
  -25.18757629394531       148.0550231933594    
  1.3612216207548045E-05  1.9864323803631123E-06 -1.3991819287184626E-04
 -4.3817455880343914E-03 -9.8402972798794508E-04  1.9864323803631123E-06
  1.2456733384169638E-04 -2.0246694475645199E-05 -6.1858823755756021E-04
 -3.5551218315958977E-03 -1.3991819287184626E-04 -2.0246694475645199E-05
  1.4426984125748277E-03  4.5390695333480835E-02  1.0164893232285976E-02
 -4.3817455880343914E-03 -6.1858823755756021E-04  4.5390695333480835E-02
   1.441675424575806      0.3211305737495422     -9.8402972798794508E-04
 -3.5551218315958977E-03  1.0164893232285976E-02  0.3211305737495422    
  0.1692422330379486    
  1.2935646809637547E-03  0.3420420289039612       6.114572525024414    
  -2.115932464599609       3.094443321228027    
  1.3442860713475113E-10 -1.3217715984226164E-11 -1.3633283835190468E-08
 -6.3344066347781336E-07  1.9783364280101523E-08 -1.3217715984226164E-11
  6.2675252365806955E-07  1.9562349518054134E-09  9.0391210960660828E-08
 -6.5600455855019391E-05 -1.3633283835190468E-08  1.9562349518054134E-09
  1.4671874168925569E-06  7.0665337261743844E-05 -2.2159435957291862E-06
 -6.3344066347781336E-07  9.0391210960660828E-08  7.0665337261743844E-05
  3.5363386850804090E-03 -1.0920939530478790E-04  1.9783364280101523E-08
 -6.5600455855019391E-05 -2.2159435957291862E-06 -1.0920939530478790E-04
  7.7357986010611057E-03
 -6.5036937594413757E-03  0.7413514852523804       5.622046470642090    
  -19.43600463867188      -5.463950157165527    
  1.6764882815323290E-09 -2.1329052302121454E-08 -1.9595512412706739E-07
 -8.4748871813644655E-06  3.1426218356500613E-06 -2.1329052302121454E-08
  4.5984984353708569E-06  2.4512034997314913E-06  1.3654702343046665E-04
 -3.1043984927237034E-04 -1.9595512412706739E-07  2.4512034997314913E-06
  2.5464172722422518E-05  1.1554379016160965E-03 -3.9508138434030116E-04
 -8.4748871813644655E-06  1.3654702343046665E-04  1.1554379016160965E-03
  5.8440901339054108E-02 -2.0056782290339470E-02  3.1426218356500613E-06
 -3.1043984927237034E-04 -3.9508138434030116E-04 -2.0056782290339470E-02
  2.6854932308197021E-02
  2.0938601344823837E-02  0.0000000000000000E+00   2.867855072021484    
   1.299726486206055      0.0000000000000000E+00
  1.6317060271830996E-06  0.0000000000000000E+00 -3.4714837966021150E-05
 -3.5560748074203730E-04  0.0000000000000000E+00  0.0000000000000000E+00
   67679.49218750000      0.0000000000000000E+00  0.0000000000000000E+00
  -1425175.750000000     -3.4714837966021150E-05  0.0000000000000000E+00
  7.4253912316635251E-04  7.6488782651722431E-03  0.0000000000000000E+00
 -3.5560748074203730E-04  0.0000000000000000E+00  7.6488782651722431E-03
  7.9329445958137512E-02  0.0000000000000000E+00  0.0000000000000000E+00
  -1425175.750000000      0.0000000000000000E+00  0.0000000000000000E+00
   31009976.00000000    
