 -5.4116807878017426E-02 -5.8280639350414276E-02  0.7916097640991211    
  9.9396482110023499E-03 -3.1519316136837006E-02  3.4912616014480591E-02
 -3.1519316136837006E-02  0.1014484763145447     -0.1122055053710938    
  3.4912616014480591E-02 -0.1122055053710938      0.1297097206115723    
  4.4968501E-03
          10
 -3.3020833507180214E-04   1.008754730224609       5.036684989929199    
 -8.0469369888305664E-02  0.5295714735984802    
  1.8116715072569178E-10  1.5006801357131394E-11 -2.3117326719557241E-08
 -1.4152585663396167E-06 -1.8517249955607440E-08  1.5006801357131394E-11
  3.4529814456618624E-06 -1.4110902446518025E-09 -4.7886736354030290E-08
 -4.4396668090485036E-04 -2.3117326719557241E-08 -1.4110902446518025E-09
  2.9785844617435941E-06  1.8419623665977269E-04  2.3406551008520182E-06
 -1.4152585663396167E-06 -4.7886736354030290E-08  1.8419623665977269E-04
  1.1529588140547276E-02  1.4353079313877970E-04 -1.8517249955607440E-08
 -4.4396668090485036E-04  2.3406551008520182E-06  1.4353079313877970E-04
  5.9499770402908325E-02
  7.6672504656016827E-04  -1.073837280273438       1.856341361999512    
 -7.7948570251464844E-02  0.7890759706497192    
  1.5090739421963484E-11 -1.7812513963821885E-10 -1.2997460885344481E-09
 -2.9731344497463397E-08  3.6383682178176002E-10 -1.7812513963821885E-10
  1.5903477788015152E-06  4.0903822551285884E-09  4.6357431671140148E-08
 -1.1820741201518103E-04 -1.2997460885344481E-09  4.0903822551285884E-09
  2.3021958384106256E-07  5.2232453526812606E-06  1.1459420790060904E-07
 -2.9731344497463397E-08  4.6357431671140148E-08  5.2232453526812606E-06
  1.3532325101550668E-04  3.3230542157980381E-06  3.6383682178176002E-10
 -1.1820741201518103E-04  1.1459420790060904E-07  3.3230542157980381E-06
  1.3706380501389503E-02
 -1.9017199520021677E-03   1.084856986999512       5.020306587219238    
  3.1771242618560791E-02  0.6868296265602112    
  5.2436353870088936E-11 -2.8962867659743097E-09 -3.7764174010135321E-09
 -7.3008003198538063E-08  3.1970660785418659E-08 -2.8962867659743097E-09
  4.6062255023571197E-06  7.0786015271551150E-08  8.2057459849238512E-07
 -1.9086954125668854E-04 -3.7764174010135321E-09  7.0786015271551150E-08
  8.8194343561553978E-07  1.7442824173485860E-05 -2.5594149022367674E-08
 -7.3008003198538063E-08  8.2057459849238512E-07  1.7442824173485860E-05
  3.7743372377008200E-04  8.8950819190358743E-06  3.1970660785418659E-08
 -1.9086954125668854E-04 -2.5594149022367674E-08  8.8950819190358743E-06
  1.8568664789199829E-02
  4.3380744755268097E-03   1.021819114685059       5.111964225769043    
  0.1858117580413818      0.7645822763442993    
  3.2076974409989134E-10  3.2599317023596086E-08 -2.6544691777985463E-08
 -4.6061612124503881E-07  8.3431039854531264E-08  3.2599317023596086E-08
  1.8494823962100782E-05 -6.8645260853372747E-07 -7.1134500103653409E-06
 -2.9780267504975200E-04 -2.6544691777985463E-08 -6.8645260853372747E-07
  5.5556761253683362E-06  1.0210199980065227E-04 -1.4758732504560612E-05
 -4.6061612124503881E-07 -7.1134500103653409E-06  1.0210199980065227E-04
  1.9393633119761944E-03 -2.7641266933642328E-04  8.3431039854531264E-08
 -2.9780267504975200E-04 -1.4758732504560612E-05 -2.7641266933642328E-04
  3.5742141306400299E-02
  8.8615059852600098E-02  0.2607797384262085       3.261445045471191    
  -149.1409912109375      -24.44010925292969    
  4.2895903789030854E-06 -6.3460979617957491E-06 -3.8907414818822872E-06
 -6.9939740933477879E-04  3.6721647484228015E-04 -6.3460979617957491E-06
  8.9280671090818942E-05  5.7226934586651623E-06  9.8078662995249033E-04
 -1.8169040558859706E-03 -3.8907414818822872E-06  5.7226934586651623E-06
  3.6696924325951841E-06  6.4103602198883891E-04 -3.3490598434582353E-04
 -6.9939740933477879E-04  9.8078662995249033E-04  6.4103602198883891E-04
  0.1251275390386581     -6.2873296439647675E-02  3.6721647484228015E-04
 -1.8169040558859706E-03 -3.3490598434582353E-04 -6.2873296439647675E-02
  5.7091809809207916E-02
 -9.4001650810241699E-02 -0.2628296017646790      0.1224417686462402    
   149.3748931884766      -6.152641296386719    
  1.6248144447672530E-06 -5.7538136388757266E-06 -1.3514916190615622E-06
 -3.4696256625466049E-04  2.0598864648491144E-04 -5.7538136388757266E-06
  1.5233871818054467E-04  4.6624222704849672E-06  9.7886368166655302E-04
 -2.4204035289585590E-03 -1.3514916190615622E-06  4.6624222704849672E-06
  1.3273426020532497E-06  2.8915828443132341E-04 -1.7009407747536898E-04
 -3.4696256625466049E-04  9.7886368166655302E-04  2.8915828443132341E-04
  7.5265854597091675E-02 -4.1448939591646194E-02  2.0598864648491144E-04
 -2.4204035289585590E-03 -1.7009407747536898E-04 -4.1448939591646194E-02
  5.2458379417657852E-02
 -8.6061772890388966E-04   1.082673072814941       5.064242362976074    
  0.4386618137359619      -1.261363029479980    
  7.1369236909202272E-11  0.0000000000000000E+00 -7.2374897186477938E-09
 -3.1523609322903212E-07 -1.2399016036113153E-08  0.0000000000000000E+00
  1.6951486259131343E-06 -1.0117973126000379E-09 -2.1481692868974278E-08
 -1.8348453158978373E-04 -7.2374897186477938E-09 -1.0117973126000379E-09
  7.7985509960853960E-07  3.5362369089853019E-05  1.4182737686496694E-06
 -3.1523609322903212E-07 -2.1481692868974278E-08  3.5362369089853019E-05
  1.7014110926538706E-03  6.5997592173516750E-05 -1.2399016036113153E-08
 -1.8348453158978373E-04  1.4182737686496694E-06  6.5997592173516750E-05
  2.2613288834691048E-02
  4.9649767577648163E-02 -0.1709554791450500       3.286111831665039    
  -145.5175323486328       213.6537933349609    
  1.2151400369475596E-05  1.3375238268054090E-06 -2.9667622584383935E-05
 -4.3298783712089062E-03 -1.1602184968069196E-03  1.3375238268054090E-06
  1.2241046351846308E-04 -3.3132785119960317E-06 -5.0751707749441266E-04
 -3.5060553345829248E-03 -2.9667622584383935E-05 -3.3132785119960317E-06
  7.2543683927506208E-05  1.0631122626364231E-02  2.8441797476261854E-03
 -4.3298783712089062E-03 -5.0751707749441266E-04  1.0631122626364231E-02
   1.598631381988525      0.4239716529846191     -1.1602184968069196E-03
 -3.5060553345829248E-03  2.8441797476261854E-03  0.4239716529846191    
  0.2093892544507980    
  3.9028197061270475E-03   1.004655838012695       5.116124153137207    
  2.9694661498069763E-02   1.051887512207031    
  2.8942956364907957E-10  2.3744208377252107E-08 -1.4307704354621364E-08
 -2.3718982333775784E-07 -1.3955491340311710E-07  2.3744208377252107E-08
  1.7736483641783707E-05 -4.9464102858109982E-07 -5.0094095058739185E-06
 -7.2373595321550965E-04 -1.4307704354621364E-08 -4.9464102858109982E-07
  2.3559321107313735E-06  4.5890934416092932E-05 -5.7278052736364771E-06
 -2.3718982333775784E-07 -5.0094095058739185E-06  4.5890934416092932E-05
  9.3595084035769105E-04 -1.5564852219540626E-04 -1.3955491340311710E-07
 -7.2373595321550965E-04 -5.7278052736364771E-06 -1.5564852219540626E-04
  7.8488364815711975E-02
 -1.5303057152777910E-03  0.0000000000000000E+00   5.075418472290039    
  0.2651231884956360      0.0000000000000000E+00
  1.4409379218704998E-06  0.0000000000000000E+00 -3.0367526051122695E-05
 -3.1248724553734064E-04  0.0000000000000000E+00  0.0000000000000000E+00
   45275.79687500000      0.0000000000000000E+00  0.0000000000000000E+00
  -946465.0625000000     -3.0367526051122695E-05  0.0000000000000000E+00
  6.4271281007677317E-04  6.6432999446988106E-03  0.0000000000000000E+00
 -3.1248724553734064E-04  0.0000000000000000E+00  6.6432999446988106E-03
  6.9020353257656097E-02  0.0000000000000000E+00  0.0000000000000000E+00
  -946465.0625000000      0.0000000000000000E+00  0.0000000000000000E+00
   20285278.00000000    
