  7.1829102933406830E-02  6.2877103686332703E-02  0.2835359871387482    
  2.4544799234718084E-03  0.0000000000000000E+00  0.0000000000000000E+00
  0.0000000000000000E+00  2.3850100114941597E-03  0.0000000000000000E+00
  0.0000000000000000E+00  0.0000000000000000E+00  1.9891200587153435E-02
  4.4979826E-03
          17
 -9.0669579803943634E-03  0.3103495836257935       5.790920257568359    
  -11.37548828125000       92.88693237304688    
  1.5004476550117829E-09  3.4684053407119109E-09 -1.6939603142418491E-07
 -7.9467708928859793E-06 -3.5821622645926254E-07  3.4684053407119109E-09
  7.4989037557315896E-07 -2.5869965725178190E-07 -8.5942639316272107E-07
 -6.7631721321959049E-05 -1.6939603142418491E-07 -2.5869965725178190E-07
  1.9786662960541435E-05  9.5017411513254046E-04  3.3769400033634156E-05
 -7.9467708928859793E-06 -8.5942639316272107E-07  9.5017411513254046E-04
  4.9075365066528320E-02  1.0194852948188782E-03 -3.5821622645926254E-07
 -6.7631721321959049E-05  3.3769400033634156E-05  1.0194852948188782E-03
  7.0524043403565884E-03
 -1.1556042358279228E-02 -0.1980585604906082       2.478838682174683    
   14.90686130523682       145.7492523193359    
  1.7950861908033744E-09  9.1344727337627774E-09 -9.0336733649110101E-08
 -3.2711759558878839E-06  5.0896662884269972E-08  9.1344727337627774E-09
  5.2381724344741087E-06 -3.3459636483712529E-07 -9.1855399659834802E-06
 -2.5149810244329274E-04 -9.0336733649110101E-08 -3.3459636483712529E-07
  6.7862097239412833E-06  2.8162050875835121E-04 -2.0073008272447623E-05
 -3.2711759558878839E-06 -9.1855399659834802E-06  2.8162050875835121E-04
  1.2624282389879227E-02 -1.1050656903535128E-03  5.0896662884269972E-08
 -2.5149810244329274E-04 -2.0073008272447623E-05 -1.1050656903535128E-03
  1.4316137880086899E-02
 -7.6818219386041164E-03  -1.547695159912109       1.408227562904358    
  4.8087049275636673E-02  0.1619549691677094    
  2.4075408333601445E-09  3.4208110832878447E-07 -1.0919390547314833E-07
 -1.5967798390192911E-06  4.5753462472930551E-05  3.4208110832878447E-07
  1.1113766231574118E-04 -7.6063433880335651E-06 -8.1800571933854371E-05
  1.2300244532525539E-02 -1.0919390547314833E-07 -7.6063433880335651E-06
  1.3066807696304750E-05  2.1920380822848529E-04 -9.6162827685475349E-04
 -1.5967798390192911E-06 -8.1800571933854371E-05  2.1920380822848529E-04
  3.7827538326382637E-03 -9.9193695932626724E-03  4.5753462472930551E-05
  1.2300244532525539E-02 -9.6162827685475349E-04 -9.9193695932626724E-03
   18.79638099670410    
 -7.1600498631596565E-04   2.343140125274658       6.119949817657471    
 -0.1289092451334000     -0.1414557546377182    
  3.6844013950876331E-10  1.5325372915153679E-11 -1.9121845440395191E-08
 -3.7847561884518655E-07 -1.8393956580098347E-08  1.5325372915153679E-11
  2.4900906282709911E-05 -8.8962037736450839E-09 -1.9235632464642549E-07
 -1.5573228010907769E-03 -1.9121845440395191E-08 -8.8962037736450839E-09
  1.0743293614723370E-06  2.2197144062374718E-05  1.0612852747726720E-06
 -3.7847561884518655E-07 -1.9235632464642549E-07  2.2197144062374718E-05
  5.0227419706061482E-04  2.1476431356859393E-05 -1.8393956580098347E-08
 -1.5573228010907769E-03  1.0612852747726720E-06  2.1476431356859393E-05
  0.1077004820108414    
 -9.3489495338872075E-04  -2.324616432189941       3.079768419265747    
  0.1529883891344070      9.8119594156742096E-02
  4.3922514514349587E-09 -1.1242643482844983E-09 -2.9823971203768451E-07
 -9.6652574939071201E-06  6.0859019868075848E-07 -1.1242643482844983E-09
  3.5679026041179895E-05  6.3755450696589833E-08  1.6357664662791649E-06
 -2.3961616680026054E-03 -2.9823971203768451E-07  6.3755450696589833E-08
  2.0454910554690287E-05  6.6938245436176658E-04 -4.1606173908803612E-05
 -9.6652574939071201E-06  1.6357664662791649E-06  6.6938245436176658E-04
  2.2151028737425804E-02 -1.3569188304245472E-03  6.0859019868075848E-07
 -2.3961616680026054E-03 -4.1606173908803612E-05 -1.3569188304245472E-03
  0.1692678034305573    
 -1.4341282658278942E-02   1.198881626129150       5.368816852569580    
  -21.11276435852051       77.51757049560547    
  4.8140510244820689E-08 -2.1171210562442866E-08 -4.3144100345671177E-06
 -1.0688299516914412E-04  7.0255126047413796E-05 -2.1171210562442866E-08
  6.2967068515717983E-05  1.1771328900067601E-05  1.0819515446200967E-03
 -3.5072704777121544E-03 -4.3144100345671177E-06  1.1771328900067601E-05
  4.0142520447261631E-04  1.0295721702277660E-02 -6.9372216239571571E-03
 -1.0688299516914412E-04  1.0819515446200967E-03  1.0295721702277660E-02
  0.2937778234481812     -0.2180775403976440      7.0255126047413796E-05
 -3.5072704777121544E-03 -6.9372216239571571E-03 -0.2180775403976440    
  0.3075756728649139    
  1.6720701241865754E-03  -2.634800672531128       3.028590202331543    
 -0.9309220314025879       1.241221189498901    
  1.2029358620324615E-09 -3.0366305026063856E-09 -5.3843820069232606E-08
 -9.2047696398367407E-07 -2.8067807988918503E-07 -3.0366305026063856E-09
  9.4636023277416825E-05  3.3874542282319453E-08  2.3713285557391828E-08
 -5.2591101266443729E-03 -5.3843820069232606E-08  3.3874542282319453E-08
  2.6978550522471778E-06  4.8195790441241115E-05  1.3042962564213667E-05
 -9.2047696398367407E-07  2.3713285557391828E-08  4.8195790441241115E-05
  9.2842546291649342E-04  2.3194089590106159E-04 -2.8067807988918503E-07
 -5.2591101266443729E-03  1.3042962564213667E-05  2.3194089590106159E-04
  0.3997188210487366    
 -8.8643230265006423E-04   2.693764686584473       6.185546398162842    
 -8.7036952376365662E-02  0.1900560706853867    
  1.3303452783830494E-09  8.3291629149329083E-10 -5.5295561907087176E-08
 -9.0473861291684443E-07 -6.6920236463374749E-08  8.3291629149329083E-10
  8.7590851762797683E-05 -4.4107022034722831E-08 -7.1873330398375401E-07
 -4.8174546100199223E-03 -5.5295561907087176E-08 -4.4107022034722831E-08
  2.4033081444940763E-06  4.0666083805263042E-05  3.0077976589382160E-06
 -9.0473861291684443E-07 -7.1873330398375401E-07  4.0666083805263042E-05
  7.3120655724778771E-04  5.0183247367385775E-05 -6.6920236463374749E-08
 -4.8174546100199223E-03  3.0077976589382160E-06  5.0183247367385775E-05
  0.2779662907123566    
  2.7857659384608269E-02  -1.880222082138062       1.770899176597595    
  -11.52480411529541      -9.551334381103516    
  3.1828406577005808E-07  1.1739692808987456E-06 -9.2541367848752998E-06
 -3.4085204242728651E-04 -5.5313686607405543E-04  1.1739692808987456E-06
  2.7855121879838407E-04 -3.5029428545385599E-05 -9.8545232322067022E-04
 -1.2757999822497368E-02 -9.2541367848752998E-06 -3.5029428545385599E-05
  2.7432839851826429E-04  1.0236923582851887E-02  1.6519652679562569E-02
 -3.4085204242728651E-04 -9.8545232322067022E-04  1.0236923582851887E-02
  0.3989594876766205      0.6247563362121582     -5.5313686607405543E-04
 -1.2757999822497368E-02  1.6519652679562569E-02  0.6247563362121582    
   1.464420676231384    
  3.2124802470207214E-02  0.6236248612403870       2.815639495849609    
  -15.97297763824463       121.8572006225586    
  3.9241358535946347E-06 -4.7768676267878618E-06 -7.9149707744363695E-05
 -2.5916954036802053E-03  1.6291921492666006E-03 -4.7768676267878618E-06
  1.1936005466850474E-04  9.3702990852762014E-05  2.9085432179272175E-03
 -6.3189575448632240E-03 -7.9149707744363695E-05  9.3702990852762014E-05
  1.6020816983655095E-03  5.2705403417348862E-02 -3.2982513308525085E-02
 -2.5916954036802053E-03  2.9085432179272175E-03  5.2705403417348862E-02
   1.749406695365906      -1.086075186729431      1.6291921492666006E-03
 -6.3189575448632240E-03 -3.2982513308525085E-02  -1.086075186729431    
  0.8592477440834045    
  3.3212485723197460E-03   3.668955564498901       6.265840530395508    
  1.7104830592870712E-02  0.3200982809066772    
  1.0926869187244392E-08 -7.3154806656816618E-09 -3.5964200151283876E-07
 -5.0797912081179675E-06  1.6656780417179107E-06 -7.3154806656816618E-09
  4.2367429705336690E-04  6.3757107682249625E-07  1.1410499610065017E-05
 -1.8790418282151222E-02 -3.5964200151283876E-07  6.3757107682249625E-07
  1.2618043911061250E-05  1.8438378174323589E-04 -6.6014392359647900E-05
 -5.0797912081179675E-06  1.1410499610065017E-05  1.8438378174323589E-04
  2.7768069412559271E-03 -1.0072222212329507E-03  1.6656780417179107E-06
 -1.8790418282151222E-02 -6.6014392359647900E-05 -1.0072222212329507E-03
  0.8953692317008972    
  5.0072162412106991E-03  -1.717704534530640       3.646335363388062    
  3.1577590852975845E-02  0.3228290677070618    
  1.0948614237449306E-09 -8.3098683489879477E-08 -4.5175955420972969E-08
 -7.1035111659512040E-07  4.3028339291595330E-07 -8.3098683489879477E-08
  5.4598156566498801E-05  1.7803176888264716E-06  1.8657787222764455E-05
 -1.1956655653193593E-03 -4.5175955420972969E-08  1.7803176888264716E-06
  3.9079782254702877E-06  7.0458117988891900E-05  2.7245007458986947E-06
 -7.1035111659512040E-07  1.8657787222764455E-05  7.0458117988891900E-05
  1.3330066576600075E-03  1.5907114720903337E-04  4.3028339291595330E-07
 -1.1956655653193593E-03  2.7245007458986947E-06  1.5907114720903337E-04
  7.7207297086715698E-02
  9.4329733401536942E-03   2.529555082321167       5.760433673858643    
 -0.1752183437347412       1.151634931564331    
  1.6448435502525172E-08  5.0352196012681816E-07 -4.4569526380655589E-07
 -5.7111083151539788E-06 -5.0011958592222072E-06  5.0352196012681816E-07
  4.3315635412000120E-04 -9.6052535809576511E-06 -8.9729932369664311E-05
 -1.5711886808276176E-02 -4.4569526380655589E-07 -9.6052535809576511E-06
  1.4693322555103805E-05  2.0920352835673839E-04  2.3608343326486647E-05
 -5.7111083151539788E-06 -8.9729932369664311E-05  2.0920352835673839E-04
  3.1613006722182035E-03 -6.3135521486401558E-04 -5.0011958592222072E-06
 -1.5711886808276176E-02  2.3608343326486647E-05 -6.3135521486401558E-04
  0.7236588597297668    
  1.1111791245639324E-02 -0.7026594877243042       2.955453634262085    
  6.3175678253173828E-02  0.4048196971416473    
  1.8814707569703160E-09 -4.6868471770267206E-08 -1.4629898714701994E-07
 -6.4715250118752010E-06  1.1087729490100173E-06 -4.6868471770267206E-08
  8.7118851297418587E-06  3.0026890271983575E-06  1.2551632244139910E-04
 -4.7824200009927154E-04 -1.4629898714701994E-07  3.0026890271983575E-06
  1.4578395166608971E-05  6.9923436967656016E-04 -1.3363827747525647E-05
 -6.4715250118752010E-06  1.2551632244139910E-04  6.9923436967656016E-04
  3.8023900240659714E-02  1.3202510308474302E-03  1.1087729490100173E-06
 -4.7824200009927154E-04 -1.3363827747525647E-05  1.3202510308474302E-03
  3.2150845974683762E-02
  1.0320961475372314E-02  0.9220991730690002      0.3287466168403625    
   34.85499191284180       72.10342407226563    
  1.5236867056955816E-06 -1.0253390883008251E-06 -1.9376506679691374E-04
 -6.3746101222932339E-03 -4.1876626200973988E-03 -1.0253390883008251E-06
  1.8494442338123918E-04  4.1987070289906114E-05 -4.1624661535024643E-03
 -1.3495811261236668E-02 -1.9376506679691374E-04  4.1987070289906114E-05
  2.4711946025490761E-02  0.8170412182807922      0.5400090217590332    
 -6.3746101222932339E-03 -4.1624661535024643E-03  0.8170412182807922    
   27.28129386901855       18.23653030395508     -4.1876626200973988E-03
 -1.3495811261236668E-02  0.5400090217590332       18.23653030395508    
   12.96577167510986    
  4.8236727714538574E-02   2.739807128906250       1.029270291328430    
  1.1848263442516327E-02  -7.852539539337158    
  5.4136257858772296E-06 -1.4010784070705995E-05 -9.5250950835179538E-05
 -1.0390045354142785E-03  8.5415522335097194E-04 -1.4010784070705995E-05
   22662.96484375000      0.0000000000000000E+00  0.0000000000000000E+00
  -456434.5937500000     -9.5250950835179538E-05  0.0000000000000000E+00
  1.6779217403382063E-03  1.8341179937124252E-02 -2.0050134509801865E-02
 -1.0390045354142785E-03  0.0000000000000000E+00  1.8341179937124252E-02
  0.2013866603374481     -0.2196578830480576      8.5415522335097194E-04
  -456434.5937500000     -2.0050134509801865E-02 -0.2196578830480576    
   9358860.000000000    
 -2.4343434721231461E-02   4.252277374267578      0.3234892487525940    
   4.791404724121094     -0.1500814557075500    
  5.8234395510226022E-06  0.0000000000000000E+00 -9.6779207524377853E-05
 -1.0234371293336153E-03 -2.8918832540512085E-03  0.0000000000000000E+00
   24142.62304687500     -2.4967480567283928E-04 -2.6576605159789324E-03
  -459005.3125000000     -9.6779207524377853E-05 -2.4967480567283928E-04
  1.6137826023623347E-03  1.7133226618170738E-02  4.3326742947101593E-02
 -1.0234371293336153E-03 -2.6576605159789324E-03  1.7133226618170738E-02
  0.1828498393297195      0.4611909687519073     -2.8918832540512085E-03
  -459005.3125000000      4.3326742947101593E-02  0.4611909687519073    
   8975568.000000000    
