  7.1829102933406830E-02  6.2877103686332703E-02  0.2835359871387482    
  2.4544799234718084E-03  0.0000000000000000E+00  0.0000000000000000E+00
  0.0000000000000000E+00  2.3850100114941597E-03  0.0000000000000000E+00
  0.0000000000000000E+00  0.0000000000000000E+00  1.9891200587153435E-02
  4.4979826E-03
          39
 -2.5869324803352356E-02 -0.8985800743103027       4.385931968688965    
   11.62893390655518      -3.543965339660645    
  5.7456179547443753E-07 -1.9026383597520180E-06 -1.7259613741771318E-05
 -5.9869873803108931E-04  4.8567194608040154E-04 -1.9026383597520180E-06
  7.2674512921366841E-05  5.4480213293572888E-05  1.6709343763068318E-03
 -4.3851309455931187E-03 -1.7259613741771318E-05  5.4480213293572888E-05
  5.2437023259699345E-04  1.8383724614977837E-02 -1.4729260466992855E-02
 -5.9869873803108931E-04  1.6709343763068318E-03  1.8383724614977837E-02
  0.6605810523033142     -0.5164161920547485      4.8567194608040154E-04
 -4.3851309455931187E-03 -1.4729260466992855E-02 -0.5164161920547485    
  0.5510190725326538    
 -2.6989776641130447E-02  0.1043109893798828       3.313840866088867    
  0.1552699357271194      0.4729235172271729    
  4.5122169467504136E-07  2.4363236761359985E-08 -1.2327102012932301E-05
 -1.4967808965593576E-04 -7.4331575888209045E-05  2.4363236761359985E-08
  3.4242687979713082E-04 -3.8016339658497600E-06 -6.2269318732433021E-05
  1.0902516543865204E-02 -1.2327102012932301E-05 -3.8016339658497600E-06
  4.6180322533473372E-04  6.2443241477012634E-03  1.7513447673991323E-03
 -1.4967808965593576E-04 -6.2269318732433021E-05  6.2443241477012634E-03
  8.7130591273307800E-02  1.9862985238432884E-02 -7.4331575888209045E-05
  1.0902516543865204E-02  1.7513447673991323E-03  1.9862985238432884E-02
   9.705341339111328    
 -3.1054732389748096E-03 -0.6111449003219604       3.304912090301514    
  2.6263199746608734E-02   1.103571534156799    
  1.5531573249738528E-10  7.6580493058031607E-09 -1.0663097071983429E-08
 -1.9581202082008531E-07  6.9320925888405327E-08  7.6580493058031607E-09
  6.6081470322387759E-06 -1.8183418148964847E-07 -2.0807203782169381E-06
 -4.9034297262551263E-05 -1.0663097071983429E-08 -1.8183418148964847E-07
  3.5542320802051108E-06  6.7427157773636281E-05 -3.3326396078336984E-06
 -1.9581202082008531E-07 -2.0807203782169381E-06  6.7427157773636281E-05
  1.3938923366367817E-03 -5.7013887271750718E-05  6.9320925888405327E-08
 -4.9034297262551263E-05 -3.3326396078336984E-06 -5.7013887271750718E-05
  5.3535792976617813E-02
  4.6877306886017323E-03  0.6080887913703918      0.6973154544830322    
  2.5291865691542625E-02  0.8719393014907837    
  3.2526181747982719E-10  2.4793504138642675E-08 -1.2850344788262191E-08
 -1.9762079261909093E-07 -4.0527530131839740E-07  2.4793504138642675E-08
  1.3471005331666674E-05 -5.6645046697667567E-07 -6.2005333347769920E-06
 -3.2081053359434009E-04 -1.2850344788262191E-08 -5.6645046697667567E-07
  4.5794395191478543E-06  8.3605933468788862E-05  6.5633385020191781E-06
 -1.9762079261909093E-07 -6.2005333347769920E-06  8.3605933468788862E-05
  1.6272142529487610E-03  4.4064774556318298E-05 -4.0527530131839740E-07
 -3.2081053359434009E-04  6.5633385020191781E-06  4.4064774556318298E-05
  2.2515185177326202E-02
  2.9988202732056379E-03 -0.1845275610685349       3.258981704711914    
  4.2851854115724564E-02   1.304003238677979    
  1.6908563438278179E-10 -1.7849390854252078E-09 -7.2308403709087088E-09
 -1.2758323464368004E-07  3.2164891194952361E-08 -1.7849390854252078E-09
  3.9807341636333149E-06  3.9499713722079832E-08  4.2425341462148936E-07
 -1.1287187226116657E-04 -7.2308403709087088E-09  3.9499713722079832E-08
  2.2631479623669293E-06  4.6043296606512740E-05 -3.1975605452316813E-07
 -1.2758323464368004E-07  4.2425341462148936E-07  4.6043296606512740E-05
  9.8945072386413813E-04  1.6472488368890481E-06  3.2164891194952361E-08
 -1.1287187226116657E-04 -3.1975605452316813E-07  1.6472488368890481E-06
  5.9307063929736614E-03
 -5.9053320437669754E-03 -0.6104195713996887       3.265487909317017    
 -1.7255961894989014E-02   1.140225887298584    
  6.0395277667879554E-10  5.7306767331510855E-08 -3.1880240669579507E-08
 -4.5137309712117712E-07  2.9853993055439787E-06  5.7306767331510855E-08
  2.4553019102313556E-05 -1.2896682619611965E-06 -1.3498507541953586E-05
  9.0281630400568247E-04 -3.1880240669579507E-08 -1.2896682619611965E-06
  1.0334991202398669E-05  1.6332363884430379E-04 -6.2099497881717980E-05
 -4.5137309712117712E-07 -1.3498507541953586E-05  1.6332363884430379E-04
  2.8309144545346498E-03 -6.2797014834359288E-04  2.9853993055439787E-06
  9.0281630400568247E-04 -6.2099497881717980E-05 -6.2797014834359288E-04
  0.9001409411430359    
 -5.7092146016657352E-03 -0.4598979055881500       3.928689002990723    
   2.939973115921021       1.104922294616699    
  1.0276693940269865E-09  1.2043627206637098E-09 -8.5717061892864876E-08
 -3.4076977044605883E-06  3.1782420251147414E-07  1.2043627206637098E-09
  2.2155547867441783E-06 -2.6092727978266339E-08 -1.2452331077383860E-07
 -1.5942842583172023E-04 -8.5717061892864876E-08 -2.6092727978266339E-08
  8.0983236330212094E-06  3.4086199593730271E-04 -3.6436398659134284E-05
 -3.4076977044605883E-06 -1.2452331077383860E-07  3.4086199593730271E-04
  1.5135645866394043E-02 -1.6610567690804601E-03  3.1782420251147414E-07
 -1.5942842583172023E-04 -3.6436398659134284E-05 -1.6610567690804601E-03
  1.3707515783607960E-02
  1.0892762802541256E-03 -0.2937440276145935       4.247798919677734    
 -4.6114262193441391E-02   1.091319203376770    
  3.9191469514143762E-11 -1.7045369282708833E-10 -3.3675700006341458E-09
 -6.0101129406575637E-08 -7.2448109733613819E-08 -1.7045369282708833E-10
  1.0477509704287513E-06  3.3951466082982051E-09  3.3020448597653740E-08
  1.9674948998726904E-04 -3.3675700006341458E-09  3.3951466082982051E-09
  8.4889512663721689E-07  1.4847228158032522E-05  1.5660521057725418E-06
 -6.0101129406575637E-08  3.3020448597653740E-08  1.4847228158032522E-05
  3.2119057141244411E-04  1.6851403415785171E-05 -7.2448109733613819E-08
  1.9674948998726904E-04  1.5660521057725418E-06  1.6851403415785171E-05
  0.8174151182174683    
  3.9017910603433847E-03 -0.4016322493553162       4.971738338470459    
 -0.2368571311235428       1.152093529701233    
  3.9530165252266158E-10 -1.1614695871742242E-08 -4.8049955125861743E-08
 -8.2068419260394876E-07 -2.3911586595204426E-06 -1.1614695871742242E-08
  9.5981595222838223E-06  2.6897291149907687E-07  2.9752529826509999E-06
  1.6643747221678495E-03 -4.8049955125861743E-08  2.6897291149907687E-07
  9.8662694654194638E-06  1.6858383605722338E-04  5.9231784689472988E-05
 -8.2068419260394876E-07  2.9752529826509999E-06  1.6858383605722338E-04
  3.0744262039661407E-03  6.8608758738264441E-04 -2.3911586595204426E-06
  1.6643747221678495E-03  5.9231784689472988E-05  6.8608758738264441E-04
   1.302976489067078    
  3.3942798618227243E-03 -0.7153862118721008       3.624477624893188    
  9.2586316168308258E-02   1.118550658226013    
  2.0003196321560779E-10 -1.2637173085749964E-08 -1.4024929662070917E-08
 -2.1082716727960360E-07 -1.8967589312524069E-06 -1.2637173085749964E-08
  9.3021617431077175E-06  3.0150687280183774E-07  3.2878406273084693E-06
  1.0516196489334106E-03 -1.4024929662070917E-08  3.0150687280183774E-07
  4.5391502681013662E-06  7.3124276241287589E-05  3.4410517400829121E-05
 -2.1082716727960360E-07  3.2878406273084693E-06  7.3124276241287589E-05
  1.3121147640049458E-03  3.1269688042812049E-04 -1.8967589312524069E-06
  1.0516196489334106E-03  3.4410517400829121E-05  3.1269688042812049E-04
   1.938616514205933    
 -2.4876403622329235E-03  0.5563222169876099      0.6462429165840149    
  0.4760311245918274      0.9750192165374756    
  9.5760586960036420E-11 -3.4245806190824624E-09 -6.1673142148777060E-09
 -1.1677689570888106E-07 -1.6985463702212655E-08 -3.4245806190824624E-09
  4.0976847230922431E-06  7.7715988311410911E-08  8.5344220224214951E-07
 -6.6252090618945658E-05 -6.1673142148777060E-09  7.7715988311410911E-08
  2.1212479168752907E-06  4.0698800148675218E-05  1.5828566120035248E-06
 -1.1677689570888106E-07  8.5344220224214951E-07  4.0698800148675218E-05
  8.5246254457160830E-04  3.1274423236027360E-05 -1.6985463702212655E-08
 -6.6252090618945658E-05  1.5828566120035248E-06  3.1274423236027360E-05
  3.8206931203603745E-02
 -5.7362481020390987E-03  6.2077466398477554E-02  0.1424406915903091    
  -9.131722450256348       22.37159919738770    
  2.2846788905184212E-09 -6.9110434042229940E-10 -2.3145302918692323E-07
 -9.5116502052405849E-06  7.6554229622161074E-08 -6.9110434042229940E-10
  1.4231701470635016E-06  7.3180494553071185E-08  4.1655794120742939E-06
 -8.4416416939347982E-05 -2.3145302918692323E-07  7.3180494553071185E-08
  2.5448764063185081E-05  1.0926689719781280E-03 -8.1722928371164016E-06
 -9.5116502052405849E-06  4.1655794120742939E-06  1.0926689719781280E-03
  5.0618648529052734E-02 -4.0305661968886852E-04  7.6554229622161074E-08
 -8.4416416939347982E-05 -8.1722928371164016E-06 -4.0305661968886852E-04
  5.8612450957298279E-03
  3.0615669675171375E-03 -0.3787734806537628       4.013644695281982    
 -2.1393105387687683E-02   1.328680872917175    
  1.5845093292998769E-10 -4.2611341122267277E-09 -8.4864533178574675E-09
 -1.4259583736020431E-07 -3.7354560333824338E-08 -4.2611341122267277E-09
  5.2230984692869242E-06  9.4589459820326738E-08  1.0137187018699478E-06
 -5.8379620895721018E-05 -8.4864533178574675E-09  9.4589459820326738E-08
  2.8584754545590840E-06  5.2582025091396645E-05  1.6835201677167788E-06
 -1.4259583736020431E-07  1.0137187018699478E-06  5.2582025091396645E-05
  1.0331145022064447E-03  2.7569140002015047E-05 -3.7354560333824338E-08
 -5.8379620895721018E-05  1.6835201677167788E-06  2.7569140002015047E-05
  6.0749050229787827E-02
 -4.3552471324801445E-03  5.2695330232381821E-02   3.087740182876587    
  5.9012394398450851E-02  0.8951092362403870    
  4.9057630180371348E-10 -1.9088650660137318E-09 -5.0457703792972097E-08
 -8.9605453013064107E-07 -4.5421370487019885E-07 -1.9088650660137318E-09
  9.1830024757655337E-06  4.1798774219614643E-08  4.4334532844914065E-07
  1.9208316225558519E-03 -5.0457703792972097E-08  4.1798774219614643E-08
  9.3124835984781384E-06  1.6856954607646912E-04  1.0979053513437975E-05
 -8.9605453013064107E-07  4.4334532844914065E-07  1.6856954607646912E-04
  3.1663058325648308E-03  1.2821561540476978E-04 -4.5421370487019885E-07
  1.9208316225558519E-03  1.0979053513437975E-05  1.2821561540476978E-04
   2.247200012207031    
 -6.2523433007299900E-03  0.9706236720085144       6.241180419921875    
 -4.8166770488023758E-02  0.7144502997398376    
  9.5567798119589042E-10 -1.3278364008328936E-07 -6.1915521598621126E-08
 -9.7914505658991402E-07 -5.1686547521967441E-05 -1.3278364008328936E-07
  4.5507247705245391E-05  3.2391512831964064E-06  3.7020468880655244E-05
  1.6412710770964622E-02 -6.1915521598621126E-08  3.2391512831964064E-06
  1.0941777873085812E-05  1.8675327009987086E-04  1.1289417743682861E-03
 -9.7914505658991402E-07  3.7020468880655244E-05  1.8675327009987086E-04
  3.2842406071722507E-03  1.1960172094404697E-02 -5.1686547521967441E-05
  1.6412710770964622E-02  1.1289417743682861E-03  1.1960172094404697E-02
   42.74783325195313    
  7.0445789024233818E-03 -4.0103591978549957E-02   2.543705463409424    
  0.1104057207703590       1.606719613075256    
  1.1313532333190324E-09 -7.9441129230417573E-09 -9.1595225626406318E-08
 -1.4793956779612927E-06 -9.5865398179739714E-06 -7.9441129230417573E-09
  3.0000957849551924E-05  1.7090420101339987E-07  1.7955336488739704E-06
  3.4453153610229492E-02 -9.1595225626406318E-08  1.7090420101339987E-07
  1.8369935787632130E-05  3.1382383895106614E-04  1.9565106777008623E-04
 -1.4793956779612927E-06  1.7955336488739704E-06  3.1382383895106614E-04
  5.4511241614818573E-03  1.9876260776072741E-03 -9.5865398179739714E-06
  3.4453153610229492E-02  1.9565106777008623E-04  1.9876260776072741E-03
   214.0659484863281    
 -4.9574845470488071E-03 -0.3298541009426117       4.355029582977295    
  7.4564866721630096E-02   1.054450511932373    
  6.1676957985312697E-10  2.2140907773859908E-08 -5.7839212530552686E-08
 -9.5439668257313315E-07  2.0983328795409761E-05  2.2140907773859908E-08
  1.7518976164865308E-05 -4.7139468506429694E-07 -4.9153532017953694E-06
  1.4028658159077168E-02 -5.7839212530552686E-08 -4.7139468506429694E-07
  1.7502919945400208E-05  3.0540826264768839E-04 -4.5586566557176411E-04
 -9.5439668257313315E-07 -4.9153532017953694E-06  3.0540826264768839E-04
  5.5244187824428082E-03 -4.8239226453006268E-03  2.0983328795409761E-05
  1.4028658159077168E-02 -4.5586566557176411E-04 -4.8239226453006268E-03
   55.39634323120117    
 -1.3082413934171200E-02   1.397626996040344       6.270290851593018    
  -13.66658973693848      -15.56466960906982    
  1.0688690821325508E-08 -2.2911628150268371E-07 -1.0087879900311236E-06
 -4.4677333789877594E-05  9.4480301413568668E-06 -2.2911628150268371E-07
  4.7144170821411535E-05  2.2115968022262678E-05  1.3048086548224092E-03
 -3.0552716925740242E-03 -1.0087879900311236E-06  2.2115968022262678E-05
  1.0011241829488426E-04  4.5633180998265743E-03 -8.0356182297691703E-04
 -4.4677333789877594E-05  1.3048086548224092E-03  4.5633180998265743E-03
  0.2321153283119202     -4.6173274517059326E-02  9.4480301413568668E-06
 -3.0552716925740242E-03 -8.0356182297691703E-04 -4.6173274517059326E-02
  0.2187302708625793    
 -1.8519530072808266E-02  -1.618151068687439      0.9864757657051086    
   16.40881538391113       66.17712402343750    
  2.4657129671368239E-08  2.8972095833523781E-07 -9.8888688171427930E-07
 -3.4850581869250163E-05  3.6688907130155712E-05  2.8972095833523781E-07
  9.6893083536997437E-05 -5.3453723012353294E-06 -8.9618595666252077E-05
 -3.8064012769609690E-03 -9.8888688171427930E-07 -5.3453723012353294E-06
  4.4637079554377124E-05  1.6502426005899906E-03 -1.9446328515186906E-03
 -3.4850581869250163E-05 -8.9618595666252077E-05  1.6502426005899906E-03
  6.4965173602104187E-02 -7.8795388340950012E-02  3.6688907130155712E-05
 -3.8064012769609690E-03 -1.9446328515186906E-03 -7.8795388340950012E-02
  0.2807557582855225    
  1.4401949010789394E-02   1.902588605880737      0.9034261703491211    
 -0.1301019191741943      0.3992080688476563    
  1.8527790857092441E-08  2.1716114133596420E-06 -4.3880640987481456E-07
 -5.0020835260511376E-06 -3.4330525522818789E-05  2.1716114133596420E-06
  4.4756877468898892E-04 -4.5214110286906362E-05 -4.6742116683162749E-04
 -9.6432501450181007E-03 -4.3880640987481456E-07 -4.5214110286906362E-05
  1.8104914488503709E-05  2.5606172857806087E-04  6.5941392676904798E-04
 -5.0020835260511376E-06 -4.6742116683162749E-04  2.5606172857806087E-04
  3.9299461059272289E-03  6.3131814822554588E-03 -3.4330525522818789E-05
 -9.6432501450181007E-03  6.5941392676904798E-04  6.3131814822554588E-03
  0.3887382745742798    
 -1.1699010618031025E-02  -2.407180309295654       4.440942764282227    
  5.5823128670454025E-02   3.685196399688721    
  1.9609313284263408E-08  1.1576740917007555E-06 -6.3391132698598085E-07
 -8.3943596109747887E-06 -1.9516678548825439E-06  1.1576740917007555E-06
  5.0942931557074189E-04 -1.8333783373236656E-05 -1.4109726180322468E-04
 -1.3808646239340305E-02 -6.3391132698598085E-07 -1.8333783373236656E-05
  3.0237210012273863E-05  4.4891060679219663E-04 -3.5680760629475117E-04
 -8.3943596109747887E-06 -1.4109726180322468E-04  4.4891060679219663E-04
  6.9179856218397617E-03 -6.9743031635880470E-03 -1.9516678548825439E-06
 -1.3808646239340305E-02 -3.5680760629475117E-04 -6.9743031635880470E-03
  0.6658459305763245    
 -9.8773790523409843E-03  -2.657856464385986       4.521891593933105    
 -6.3803471624851227E-02  -1.167908191680908    
  1.6528003854432427E-08  8.5209575217959355E-07 -5.1505509190974408E-07
 -6.5419185375503730E-06  5.4326974350260571E-06  8.5209575217959355E-07
  4.4680194696411490E-04 -1.7241918612853624E-05 -1.7113167268689722E-04
 -7.0215649902820587E-03 -5.1505509190974408E-07 -1.7241918612853624E-05
  2.1966354324831627E-05  3.0587564106099308E-04 -1.8510960217099637E-04
 -6.5419185375503730E-06 -1.7113167268689722E-04  3.0587564106099308E-04
  4.4650593772530556E-03 -2.4677736219018698E-03  5.4326974350260571E-06
 -7.0215649902820587E-03 -1.8510960217099637E-04 -2.4677736219018698E-03
  0.9729975461959839    
 -2.0612696185708046E-02   1.977568030357361       6.097385883331299    
 -1.9311629235744476E-02  0.8822832703590393    
  8.1557580244862038E-08 -6.6136699388152920E-06 -1.9396220523049124E-06
 -2.2274993170867674E-05 -8.6805041064508259E-05 -6.6136699388152920E-06
  1.1068845633417368E-03  1.3008981477469206E-04  1.3041426427662373E-03
 -2.5056458543986082E-03 -1.9396220523049124E-06  1.3008981477469206E-04
  6.9283873017411679E-05  9.4785791588947177E-04  2.0181350409984589E-03
 -2.2274993170867674E-05  1.3041426427662373E-03  9.4785791588947177E-04
  1.3803576119244099E-02  2.2861087694764137E-02 -8.6805041064508259E-05
 -2.5056458543986082E-03  2.0181350409984589E-03  2.2861087694764137E-02
   5.443397045135498    
 -2.3215383291244507E-02 -0.5810882449150085       1.374809503555298    
   26.31821060180664       35.52391815185547    
  1.4544548321282491E-07 -2.2902425200754806E-07 -3.5125331123708747E-06
 -1.3839069288223982E-04  9.2849128122907132E-05 -2.2902425200754806E-07
  2.7344900445314124E-05  6.3526963458571117E-06  2.7226252132095397E-04
 -1.1106352321803570E-03 -3.5125331123708747E-06  6.3526963458571117E-06
  8.9073342678602785E-05  3.6273263394832611E-03 -2.4001516867429018E-03
 -1.3839069288223982E-04  2.7226252132095397E-04  3.6273263394832611E-03
  0.1536178439855576     -0.1001698672771454      9.2849128122907132E-05
 -1.1106352321803570E-03 -2.4001516867429018E-03 -0.1001698672771454    
  0.1037957295775414    
  2.8121227398514748E-02 -0.4439843893051147       3.027087450027466    
  -11.60451316833496      -1.891396760940552    
  2.5598717456887243E-06  5.3271533033694141E-06 -7.2207512857858092E-05
 -3.1775769311934710E-03 -1.3677669921889901E-03  5.3271533033694141E-06
  8.2235907029826194E-05 -1.4141599240247160E-04 -4.7843307256698608E-03
 -5.6432718411087990E-03 -7.2207512857858092E-05 -1.4141599240247160E-04
  2.0469315350055695E-03  9.0578794479370117E-02  3.8518611341714859E-02
 -3.1775769311934710E-03 -4.7843307256698608E-03  9.0578794479370117E-02
   4.130203723907471       1.681512355804443     -1.3677669921889901E-03
 -5.6432718411087990E-03  3.8518611341714859E-02   1.681512355804443    
  0.8687920570373535    
  3.4287383314222097E-03 -0.8274846076965332       3.692323207855225    
 -5.7296629995107651E-02   1.234024643898010    
  1.6964472882019521E-10 -1.2989305631094794E-08 -1.0268580652450510E-08
 -1.8135906998395512E-07  1.3143794319603330E-07 -1.2989305631094794E-08
  9.3216485765879042E-06  2.9695593184442259E-07  3.2720365652494365E-06
 -2.1813367493450642E-04 -1.0268580652450510E-08  2.9695593184442259E-07
  2.8632400699279970E-06  5.4062445997260511E-05 -4.6854157176312583E-07
 -1.8135906998395512E-07  3.2720365652494365E-06  5.4062445997260511E-05
  1.0807078797370195E-03  2.1644356820615940E-05  1.3143794319603330E-07
 -2.1813367493450642E-04 -4.6854157176312583E-07  2.1644356820615940E-05
  2.3664290085434914E-02
 -7.6155918650329113E-03  0.6968325376510620      0.6973758339881897    
   11.07782840728760       8.352427482604980    
  9.3576701942765794E-10 -1.1040732772471529E-08 -6.1393961914291140E-08
 -2.3140125904319575E-06 -2.7280427161713305E-07 -1.1040732772471529E-08
  4.7917278607201297E-06  4.6741189407839556E-07  1.2175939446024131E-05
 -2.7595003484748304E-04 -6.1393961914291140E-08  4.6741189407839556E-07
  5.2715881793119479E-06  2.1854609076399356E-04  4.8219866584986448E-05
 -2.3140125904319575E-06  1.2175939446024131E-05  2.1854609076399356E-04
  9.5764528959989548E-03  2.4424639996141195E-03 -2.7280427161713305E-07
 -2.7595003484748304E-04  4.8219866584986448E-05  2.4424639996141195E-03
  2.0556721836328506E-02
  1.1229325085878372E-02 -0.6930294632911682       4.844336509704590    
 -0.3029121458530426       1.050527453422546    
  3.5688991761873012E-09 -5.0856311872848892E-07 -1.3697307110760448E-07
 -1.8246026911583613E-06 -1.2140007311245427E-04 -5.0856311872848892E-07
  9.9459575721994042E-05  1.2822478311136365E-05  1.4580995775759220E-04
  2.2889127954840660E-02 -1.3697307110760448E-07  1.2822478311136365E-05
  4.2543775634840131E-05  7.0044468156993389E-04  2.1711362060159445E-03
 -1.8246026911583613E-06  1.4580995775759220E-04  7.0044468156993389E-04
  1.1756833642721176E-02  1.9656866788864136E-02 -1.2140007311245427E-04
  2.2889127954840660E-02  2.1711362060159445E-03  1.9656866788864136E-02
   47.29850387573242    
 -1.9322736188769341E-03 -0.3554588258266449       4.126893520355225    
  0.5524742007255554      0.8114928603172302    
  2.3914925595391878E-10 -2.7494669735395050E-11 -2.2770029417529258E-08
 -9.7699000889406307E-07  2.7772699695560732E-08 -2.7494669735395050E-11
  7.9025636523510912E-07  4.9162336424046771E-09  1.9366075321158860E-07
 -7.5618474511429667E-05 -2.2770029417529258E-08  4.9162336424046771E-09
  2.3598915959155420E-06  1.0590899182716385E-04 -3.0910487112123519E-06
 -9.7699000889406307E-07  1.9366075321158860E-07  1.0590899182716385E-04
  5.0028078258037567E-03 -1.4283873315434903E-04  2.7772699695560732E-08
 -7.5618474511429667E-05 -3.0910487112123519E-06 -1.4283873315434903E-04
  8.3956634625792503E-03
  3.9399124681949615E-02   4.988636493682861       4.525492191314697    
 -0.1266230791807175      -94.67785644531250    
  1.5395089576486498E-06 -5.3781709539180156E-06 -3.0310780857689679E-05
 -3.5030418075621128E-04  4.5691287959925830E-04 -5.3781709539180156E-06
   11742.67382812500      0.0000000000000000E+00  0.0000000000000000E+00
  -245454.7812500000     -3.0310780857689679E-05  0.0000000000000000E+00
  5.9825967764481902E-04  6.9378530606627464E-03 -1.1258930899202824E-02
 -3.5030418075621128E-04  0.0000000000000000E+00  6.9378530606627464E-03
  8.0954290926456451E-02 -0.1309701204299927      4.5691287959925830E-04
  -245454.7812500000     -1.1258930899202824E-02 -0.1309701204299927    
   5297178.500000000    
 -3.0924845486879349E-02  -4.668527603149414       3.328841924667358    
   2.168746471405029       134.6750030517578    
  1.9683350274135591E-06 -6.5149092733918224E-06 -3.5738739825319499E-05
 -3.9791566086933017E-04  6.8159034708514810E-04 -6.5149092733918224E-06
   13477.14062500000      0.0000000000000000E+00  0.0000000000000000E+00
  -278149.4687500000     -3.5738739825319499E-05  0.0000000000000000E+00
  6.5155816264450550E-04  7.2932569310069084E-03 -1.4880986884236336E-02
 -3.9791566086933017E-04  0.0000000000000000E+00  7.2932569310069084E-03
  8.2287967205047607E-02 -0.1672335118055344      6.8159034708514810E-04
  -278149.4687500000     -1.4880986884236336E-02 -0.1672335118055344    
   5900487.000000000    
  8.4482505917549133E-03 -0.8521474599838257      0.2341541051864624    
 -0.8333353400230408       60.00644683837891    
  2.0547049643937498E-06  0.0000000000000000E+00 -4.3014344555558637E-05
 -4.4750410597771406E-04 -1.3137793575879186E-04  0.0000000000000000E+00
   11982.71093750000     -1.3165749260224402E-04 -1.3786638155579567E-03
  -247390.5312500000     -4.3014344555558637E-05 -1.3165749260224402E-04
  9.0409914264455438E-04  9.4450172036886215E-03  0.0000000000000000E+00
 -4.4750410597771406E-04 -1.3786638155579567E-03  9.4450172036886215E-03
  9.9138349294662476E-02  0.0000000000000000E+00 -1.3137793575879186E-04
  -247390.5312500000      0.0000000000000000E+00  0.0000000000000000E+00
   5250194.500000000    
 -3.9325477555394173E-03   1.215150833129883      0.2855980992317200    
 -0.3803812265396118      -5.041878223419189    
  2.2982012524153106E-06  0.0000000000000000E+00 -4.8568268539384007E-05
 -4.9767969176173210E-04  0.0000000000000000E+00  0.0000000000000000E+00
   11887.92187500000     -1.3997612404637039E-04 -1.4432437019422650E-03
  -249311.1718750000     -4.8568268539384007E-05 -1.3997612404637039E-04
  1.0301062138751149E-03  1.0596841573715210E-02 -2.9800136107951403E-03
 -4.9767969176173210E-04 -1.4432437019422650E-03  1.0596841573715210E-02
  0.1095099300146103     -3.0725855380296707E-02  0.0000000000000000E+00
  -249311.1718750000     -2.9800136107951403E-03 -3.0725855380296707E-02
   5388086.000000000    
  4.8704821616411209E-02  0.1221642941236496       4.543827056884766    
  -3.211092472076416      -65.87081146240234    
  4.4593434722628444E-06 -1.2258799870323855E-05 -6.9909845478832722E-05
 -9.6128671430051327E-04  0.0000000000000000E+00 -1.2258799870323855E-05
   21062.26562500000      0.0000000000000000E+00  0.0000000000000000E+00
  -458365.9687500000     -6.9909845478832722E-05  0.0000000000000000E+00
  1.0970409493893385E-03  1.5112017281353474E-02 -4.2191464453935623E-03
 -9.6128671430051327E-04  0.0000000000000000E+00  1.5112017281353474E-02
  0.2091076225042343     -5.8250293135643005E-02  0.0000000000000000E+00
  -458365.9687500000     -4.2191464453935623E-03 -5.8250293135643005E-02
   10141598.00000000    
 -4.8789586871862411E-02  -1.153135061264038       1.352451443672180    
   3.527157545089722      -18.95136451721191    
  1.7264084135604207E-06 -5.4909769460209645E-06 -2.5409826776012778E-05
 -3.1092463177628815E-04  1.1461167014203966E-04 -5.4909769460209645E-06
   10915.30078125000      0.0000000000000000E+00  0.0000000000000000E+00
  -223804.0312500000     -2.5409826776012778E-05  0.0000000000000000E+00
  3.7479901220649481E-04  4.6036234125494957E-03 -3.3774294424802065E-03
 -3.1092463177628815E-04  0.0000000000000000E+00  4.6036234125494957E-03
  5.7092685252428055E-02 -4.1684757918119431E-02  1.1461167014203966E-04
  -223804.0312500000     -3.3774294424802065E-03 -4.1684757918119431E-02
   4755478.000000000    
 -4.4282976537942886E-02  -18.51591873168945       4.870302677154541    
   9.018916130065918       321.4696350097656    
  1.6832475012051873E-05 -4.2721370846265927E-05 -1.9797218556050211E-04
 -2.6451642625033855E-03  4.6541351824998856E-02 -4.2721370846265927E-05
   67767.64843750000      0.0000000000000000E+00  0.0000000000000000E+00
  -1289048.375000000     -1.9797218556050211E-04  0.0000000000000000E+00
  2.3317714221775532E-03  3.1224386766552925E-02 -0.5573924779891968    
 -2.6451642625033855E-03  0.0000000000000000E+00  3.1224386766552925E-02
  0.4196301996707916      -7.477415084838867      4.6541351824998856E-02
  -1289048.375000000     -0.5573924779891968      -7.477415084838867    
   24754852.00000000    
 -5.3472556173801422E-02  -7.131219863891602       5.727593421936035    
  0.1629538536071777       116.6728057861328    
  3.2227453630184755E-06 -8.5848805611021817E-06 -5.6322009186260402E-05
 -6.8149948492646217E-04  2.0995652303099632E-03 -8.5848805611021817E-06
   14292.97265625000      0.0000000000000000E+00  0.0000000000000000E+00
  -312452.8750000000     -5.6322009186260402E-05  0.0000000000000000E+00
  9.8517304286360741E-04  1.1936937458813190E-02 -3.6709006875753403E-02
 -6.8149948492646217E-04  0.0000000000000000E+00  1.1936937458813190E-02
  0.1452618390321732     -0.4457508027553558      2.0995652303099632E-03
  -312452.8750000000     -3.6709006875753403E-02 -0.4457508027553558    
   7065248.000000000    
 -6.3531965017318726E-02  -3.776279449462891       1.028881430625916    
   3.849307298660278       11.94566345214844    
  1.8252662812301423E-06 -1.0052572179120034E-05 -2.2449139578384347E-05
 -3.0405318830162287E-04  8.5450668120756745E-04 -1.0052572179120034E-05
   34602.56250000000      0.0000000000000000E+00  0.0000000000000000E+00
  -729807.3750000000     -2.2449139578384347E-05  0.0000000000000000E+00
  2.7641380438581109E-04  3.7533240392804146E-03 -1.3144443742930889E-02
 -3.0405318830162287E-04  0.0000000000000000E+00  3.7533240392804146E-03
  5.1731947809457779E-02 -0.1798215657472610      8.5450668120756745E-04
  -729807.3750000000     -1.3144443742930889E-02 -0.1798215657472610    
   15626609.00000000    
  3.7683244794607162E-02  -1.956681251525879       5.526721954345703    
   1.298644065856934      -25.79000854492188    
  6.1383965658023953E-05  0.0000000000000000E+00 -1.2740166857838631E-03
 -1.4184081926941872E-02 -5.5882828310132027E-03  0.0000000000000000E+00
   71552.46093750000     -1.7401608638465405E-03 -1.9398665055632591E-02
  -1584347.875000000     -1.2740166857838631E-03 -1.7401608638465405E-03
  2.6450520381331444E-02  0.2946954369544983      7.7335119247436523E-02
 -1.4184081926941872E-02 -1.9398665055632591E-02  0.2946954369544983    
   3.286995649337769      0.8621031045913696     -5.5882828310132027E-03
  -1584347.875000000      7.7335119247436523E-02  0.8621031045913696    
   35329652.00000000    
