  7.1829102933406830E-02  6.2877103686332703E-02  0.2835359871387482    
  2.4544799234718084E-03  0.0000000000000000E+00  0.0000000000000000E+00
  0.0000000000000000E+00  2.3850100114941597E-03  0.0000000000000000E+00
  0.0000000000000000E+00  0.0000000000000000E+00  1.9891200587153435E-02
  4.4979826E-03
          29
 -1.6385447233915329E-02 -0.4064849913120270       5.840276718139648    
   62.77796554565430       133.4694061279297    
  8.3375413240105445E-09  3.2256924242801688E-08 -2.2483533257400268E-07
 -1.7237276551895775E-05  7.7702961789327674E-06  3.2256924242801688E-08
  1.0620605280564632E-05 -4.3883113676201901E-07  1.2841787793149706E-06
 -4.8565468750894070E-04 -2.2483533257400268E-07 -4.3883113676201901E-07
  7.1608469625061844E-06  5.8765703579410911E-04 -2.7638536994345486E-04
 -1.7237276551895775E-05  1.2841787793149706E-06  5.8765703579410911E-04
  5.2486162632703781E-02 -2.5505390018224716E-02  7.7702961789327674E-06
 -4.8565468750894070E-04 -2.7638536994345486E-04 -2.5505390018224716E-02
  3.8206752389669418E-02
 -1.4873481355607510E-02 -0.3604944944381714       5.228121280670166    
   5.916859149932861     -0.4892569184303284    
  1.2020832329540099E-08  1.3994489123092535E-08 -7.5700785373555846E-07
 -3.3541098673595116E-05  5.8606983657227829E-06  1.3994489123092535E-08
  9.3424005171982571E-06 -6.2253860733108013E-07 -3.5584987926995382E-05
 -5.3663417929783463E-04 -7.5700785373555846E-07 -6.2253860733108013E-07
  5.1723462092923000E-05  2.3819180205464363E-03 -4.3038587318733335E-04
 -3.3541098673595116E-05 -3.5584987926995382E-05  2.3819180205464363E-03
  0.1175275892019272     -2.0735159516334534E-02  5.8606983657227829E-06
 -5.3663417929783463E-04 -4.3038587318733335E-04 -2.0735159516334534E-02
  3.8126260042190552E-02
  2.2916320711374283E-02 -0.3774101734161377       3.155965089797974    
 -0.6490327119827271      0.3063752353191376    
  1.7945133379271283E-07 -9.6496182777627837E-07 -3.9759115679771639E-06
 -4.5684777433052659E-05 -1.2837146641686559E-03 -9.6496182777627837E-07
  3.2029728754423559E-04  1.6950265489867888E-05  1.5858042752370238E-04
  0.1757094860076904     -3.9759115679771639E-06  1.6950265489867888E-05
  1.2128381786169484E-04  1.6446795780211687E-03  2.4965370073914528E-02
 -4.5684777433052659E-05  1.5858042752370238E-04  1.6446795780211687E-03
  2.3896459490060806E-02  0.2585358023643494     -1.2837146641686559E-03
  0.1757094860076904      2.4965370073914528E-02  0.2585358023643494    
   647.6087646484375    
  1.5706925187259912E-03  0.4730243086814880       4.474240779876709    
 -8.9843422174453735E-02  0.4139814376831055    
  5.2234286340713254E-11  6.7277122761666419E-10 -3.9131946572013021E-09
 -8.8191292491046624E-08 -7.4619226353433987E-09  6.7277122761666419E-10
  1.9629983398772310E-06 -1.4335223674777353E-08 -1.4815475424256874E-07
 -1.0350080265197903E-04 -3.9131946572013021E-09 -1.4335223674777353E-08
  1.0811818356160074E-06  2.3222755771712400E-05 -2.7162110427525477E-07
 -8.8191292491046624E-08 -1.4815475424256874E-07  2.3222755771712400E-05
  5.6721188593655825E-04 -1.0072711120301392E-05 -7.4619226353433987E-09
 -1.0350080265197903E-04 -2.7162110427525477E-07 -1.0072711120301392E-05
  1.0745512321591377E-02
 -8.8899361435323954E-04  0.3692362904548645       4.513282299041748    
  0.4861519932746887       1.399958372116089    
  3.6049410678806737E-10  1.0893883017892847E-10 -3.6829693073059389E-08
 -1.3847658237864380E-06 -2.2493352958008472E-08  1.0893883017892847E-10
  6.7959274474560516E-07 -1.1621966500285907E-08 -4.2008176137642295E-07
 -6.5419051679782569E-05 -3.6829693073059389E-08 -1.1621966500285907E-08
  3.8768989725213032E-06  1.4814107271376997E-04  2.3902341581560904E-06
 -1.3847658237864380E-06 -4.2008176137642295E-07  1.4814107271376997E-04
  5.8192359283566475E-03  9.2046444478910416E-05 -2.2493352958008472E-08
 -6.5419051679782569E-05  2.3902341581560904E-06  9.2046444478910416E-05
  8.3560356870293617E-03
  1.0187685256823897E-03 -0.6608139276504517       1.412486076354980    
  6.6750869154930115E-02  0.9557085633277893    
  2.7345381167775962E-11 -2.6043081580162664E-10 -2.8094910842213494E-09
 -5.9894865955811838E-08 -3.2837521590778351E-09 -2.6043081580162664E-10
  1.3744588613917585E-06  5.1890500785134464E-09  5.1836718029107942E-08
 -7.9603698395658284E-05 -2.8094910842213494E-09  5.1890500785134464E-09
  5.9875878832826857E-07  1.1956582966377027E-05  2.8656131689785980E-07
 -5.9894865955811838E-08  5.1836718029107942E-08  1.1956582966377027E-05
  2.8050161199644208E-04  6.0001411839039065E-06 -3.2837521590778351E-09
 -7.9603698395658284E-05  2.8656131689785980E-07  6.0001411839039065E-06
  1.0127156972885132E-02
 -1.2398272519931197E-03  0.4136850833892822       4.590466499328613    
   7.623749732971191      0.6066340208053589    
  2.7526547796696832E-07  4.7078665410538179E-09 -4.3368745537009090E-05
 -3.5084672272205353E-03 -2.3330601106863469E-04  4.7078665410538179E-09
  7.4444033089093864E-05 -7.1332169682136737E-07 -5.3122013923712075E-05
 -1.1938938871026039E-02 -4.3368745537009090E-05 -7.1332169682136737E-07
  6.8350378423929214E-03  0.5531658530235291      3.6768618971109390E-02
 -3.5084672272205353E-03 -5.3122013923712075E-05  0.5531658530235291    
   44.78612899780273       2.975923776626587     -2.3330601106863469E-04
 -1.1938938871026039E-02  3.6768618971109390E-02   2.975923776626587    
   2.115138530731201    
 -1.1789638083428144E-03 -3.7284366786479950E-02   4.756659507751465    
 -7.0643417537212372E-02  0.5978893637657166    
  7.4542670647215203E-11  2.4530780184939260E-11 -9.3324992178622779E-09
 -1.7299295507200441E-07  4.5607269072434065E-09  2.4530780184939260E-11
  8.0843227578952792E-07 -3.7217576243087080E-10 -2.6374527006822746E-09
  7.6983589679002762E-05 -9.3324992178622779E-09 -3.7217576243087080E-10
  1.6732183212297969E-06  2.9651702789124101E-05 -1.4642026258115948E-07
 -1.7299295507200441E-07 -2.6374527006822746E-09  2.9651702789124101E-05
  5.9753487585112453E-04 -2.0291206510592019E-06  4.5607269072434065E-09
  7.6983589679002762E-05 -1.4642026258115948E-07 -2.0291206510592019E-06
  3.5591572523117065E-02
 -9.5673772739246488E-04 -0.6258465051651001       1.206329226493835    
  5.0841387361288071E-02  0.5484514236450195    
  2.2898708970653381E-11  2.1930786353596687E-10 -1.5842751555084078E-09
 -3.7021777643531095E-08 -3.0973726361516185E-10  2.1930786353596687E-10
  1.3420998357105418E-06 -4.7248218670858932E-09 -4.9774449450978864E-08
 -8.9623303210828453E-05 -1.5842751555084078E-09 -4.7248218670858932E-09
  3.8652567013741645E-07  8.3095665104337968E-06 -1.0999418265100758E-07
 -3.7021777643531095E-08 -4.9774449450978864E-08  8.3095665104337968E-06
  2.1650223061442375E-04 -3.3651447211013874E-06 -3.0973726361516185E-10
 -8.9623303210828453E-05 -1.0999418265100758E-07 -3.3651447211013874E-06
  1.1637866497039795E-02
  8.8361734524369240E-03  5.9476852416992188E-02   1.121601581573486    
  -8.231898307800293      -7.535998344421387    
  2.0013093404713800E-09  8.7648222013569921E-10 -1.3787307295842766E-07
 -5.1547381190175656E-06  9.1846970917686122E-08  8.7648222013569921E-10
  2.6480061023903545E-06 -4.1037807818611327E-08 -1.2321544318183442E-06
 -1.5655579045414925E-04 -1.3787307295842766E-07 -4.1037807818611327E-08
  1.1246403119002935E-05  4.5229037641547620E-04 -9.5740497272345237E-06
 -5.1547381190175656E-06 -1.2321544318183442E-06  4.5229037641547620E-04
  1.9091947004199028E-02 -4.2300610220991075E-04  9.1846970917686122E-08
 -1.5655579045414925E-04 -9.5740497272345237E-06 -4.2300610220991075E-04
  1.0248954407870770E-02
  1.0536435991525650E-02  0.7959602475166321       4.593113899230957    
 -0.6041545867919922      0.3123214840888977    
  1.4445766804982441E-09  4.4963304191014686E-08 -1.0767586644533367E-07
 -4.2903084249701351E-06 -1.3335234143596608E-06  4.4963304191014686E-08
  9.3001835921313614E-06 -2.6419777441333281E-06 -9.4517985417041928E-05
 -5.1525590242817998E-04 -1.0767586644533367E-07 -2.6419777441333281E-06
  1.0742535778263118E-05  4.7173839993774891E-04  2.8816109988838434E-05
 -4.2903084249701351E-06 -9.4517985417041928E-05  4.7173839993774891E-04
  2.3476399481296539E-02 -5.1969086052849889E-04 -1.3335234143596608E-06
 -5.1525590242817998E-04  2.8816109988838434E-05 -5.1969086052849889E-04
  3.4578725695610046E-02
  3.8845641538500786E-03 -0.3743481934070587       4.711281776428223    
  -1.675841212272644      0.6514364480972290    
  6.1696409092704130E-10 -1.1932341226206233E-10 -5.5006125876388978E-08
 -2.2223816813493613E-06 -1.2578495045545424E-07 -1.1932341226206233E-10
  1.2139992122683907E-06 -1.0601100441931521E-08 -6.1333975054367329E-07
 -9.5888623036444187E-05 -5.5006125876388978E-08 -1.0601100441931521E-08
  5.4536726565856952E-06  2.3158609110396355E-04  1.4232369721867144E-05
 -2.2223816813493613E-06 -6.1333975054367329E-07  2.3158609110396355E-04
  1.0318646207451820E-02  6.3807098194956779E-04 -1.2578495045545424E-07
 -9.5888623036444187E-05  1.4232369721867144E-05  6.3807098194956779E-04
  9.1019738465547562E-03
 -1.1735759675502777E-02   1.146207213401794       4.057369709014893    
  -2.872189760208130      -24.70242691040039    
  5.9153095754993501E-09 -8.3856917854063795E-07 -1.4350062826906651E-07
 -1.5773365475979517E-06 -4.0160753997042775E-05 -8.3856917854063795E-07
  1.5202700160443783E-04  1.8439744962961413E-05  1.8760714738164097E-04
  6.5130363218486309E-03 -1.4350062826906651E-07  1.8439744962961413E-05
  1.2046928532072343E-05  1.9360962323844433E-04  8.4186065942049026E-04
 -1.5773365475979517E-06  1.8760714738164097E-04  1.9360962323844433E-04
  3.3157435245811939E-03  8.2014203071594238E-03 -4.0160753997042775E-05
  6.5130363218486309E-03  8.4186065942049026E-04  8.2014203071594238E-03
   6.590590000152588    
  4.2710843263193965E-04 -0.6117717027664185       1.311966657638550    
  8.3759605884552002E-02  0.6987562775611877    
  2.8822343817180851E-11 -1.2112279929032965E-11 -2.1424895191302085E-09
 -4.8962956356035647E-08 -2.9256839173541493E-09 -1.2112279929032965E-11
  1.3249830317363376E-06 -1.3256688802254502E-10 -5.1016377788926093E-09
 -1.0016440501203761E-04 -2.1424895191302085E-09 -1.3256688802254502E-10
  2.3027000395359210E-07  5.2330674407130573E-06  9.9191886704375065E-08
 -4.8962956356035647E-08 -5.1016377788926093E-09  5.2330674407130573E-06
  1.5156676818151027E-04  1.6965559552772902E-06 -2.9256839173541493E-09
 -1.0016440501203761E-04  9.9191886704375065E-08  1.6965559552772902E-06
  2.4522630497813225E-02
 -1.5370238572359085E-02   3.535970211029053       2.050652980804443    
   3.740943670272827       4.991818904876709    
  3.1933973332343157E-06  7.9930441643227823E-06 -1.3268197653815150E-04
 -3.4304908476769924E-03 -5.0176088698208332E-03  7.9930441643227823E-06
  5.0116475904360414E-04 -3.0849766335450113E-04 -7.1836593560874462E-03
 -3.2517269253730774E-02 -1.3268197653815150E-04 -3.0849766335450113E-04
  5.5317962542176247E-03  0.1435963362455368      0.2090034633874893    
 -3.4304908476769924E-03 -7.1836593560874462E-03  0.1435963362455368    
   3.747585058212280       5.420359134674072     -5.0176088698208332E-03
 -3.2517269253730774E-02  0.2090034633874893       5.420359134674072    
   8.872560501098633    
  7.1463817730545998E-03   3.977105617523193       3.685344934463501    
 -9.0769685804843903E-02   1.553903698921204    
  4.8373699712556117E-08 -3.0522078198202962E-09 -1.3625367500935681E-06
 -1.7194495740113780E-05  1.4740920960321091E-05 -3.0522078198202962E-09
  1.2036463012918830E-03  3.2283589916914934E-06  6.0752154240617529E-05
 -4.5232959091663361E-02 -1.3625367500935681E-06  3.2283589916914934E-06
  4.1758012230275199E-05  5.5034126853570342E-04 -4.8466998850926757E-04
 -1.7194495740113780E-05  6.0752154240617529E-05  5.5034126853570342E-04
  7.4557024054229259E-03 -6.5773944370448589E-03  1.4740920960321091E-05
 -4.5232959091663361E-02 -4.8466998850926757E-04 -6.5773944370448589E-03
   1.946408152580261    
 -1.4719846658408642E-02 -0.3894860148429871       1.947811484336853    
   7.577729225158691       8.571656227111816    
  1.6360553800609523E-08  1.0780415449218594E-09 -1.0519474926695693E-06
 -6.0062629927415401E-05  1.4327297321869992E-05  1.0780415449218594E-09
  9.8901618912350386E-06 -2.2840826829906291E-07 -7.2440947405993938E-05
 -6.8847433431074023E-04 -1.0519474926695693E-06 -2.2840826829906291E-07
  7.0663110818713903E-05  4.1454304009675980E-03 -9.7413547337055206E-04
 -6.0062629927415401E-05 -7.2440947405993938E-05  4.1454304009675980E-03
  0.2629573345184326     -5.7507596909999847E-02  1.4327297321869992E-05
 -6.8847433431074023E-04 -9.7413547337055206E-04 -5.7507596909999847E-02
  6.5917372703552246E-02
 -1.4968467876315117E-02 -0.2947524785995483       1.982922077178955    
   6.513944625854492      -155.5664978027344    
  6.1438072407327127E-09  1.7337457691724012E-08 -3.2652692993906385E-07
 -1.1279559657850768E-05  1.0651132242855965E-06  1.7337457691724012E-08
  8.0169411376118660E-06 -6.4512909148106701E-07 -1.8243876183987595E-05
 -4.0694561903364956E-04 -3.2652692993906385E-07 -6.4512909148106701E-07
  2.0567680621752515E-05  7.6903722947463393E-04 -9.2468209913931787E-05
 -1.1279559657850768E-05 -1.8243876183987595E-05  7.6903722947463393E-04
  3.0857931822538376E-02 -3.9679179899394512E-03  1.0651132242855965E-06
 -4.0694561903364956E-04 -9.2468209913931787E-05 -3.9679179899394512E-03
  2.3844519630074501E-02
  8.6929934332147241E-04  0.3789548873901367       4.456208705902100    
  0.2595687508583069     -0.1069148629903793    
  1.3706713541949966E-09 -1.0876207573451424E-10 -1.8396632128769852E-07
 -1.2050080840708688E-05  1.6465213548144675E-07 -1.0876207573451424E-10
  2.4417765871476149E-06  1.1525408183388208E-08  5.3532494348473847E-07
 -3.3026872551999986E-04 -1.8396632128769852E-07  1.1525408183388208E-08
  2.4836095690261573E-05  1.6363018658012152E-03 -2.2163705580169335E-05
 -1.2050080840708688E-05  5.3532494348473847E-07  1.6363018658012152E-03
  0.1085081547498703     -1.4508672757074237E-03  1.6465213548144675E-07
 -3.3026872551999986E-04 -2.2163705580169335E-05 -1.4508672757074237E-03
  4.5893032103776932E-02
 -6.4839385449886322E-02   1.137448668479919       5.071797847747803    
   5.793099880218506      -18.68663597106934    
  1.2750258520100033E-06  0.0000000000000000E+00 -1.3753199709753972E-05
 -1.9410453387536108E-04 -2.4963740725070238E-04  0.0000000000000000E+00
   9745.943359375000     -4.8139161663129926E-05 -6.8594358162954450E-04
  -178502.6406250000     -1.3753199709753972E-05 -4.8139161663129926E-05
  1.4861176896374673E-04  2.1038739942014217E-03  1.7967413878068328E-03
 -1.9410453387536108E-04 -6.8594358162954450E-04  2.1038739942014217E-03
  3.0174005776643753E-02  2.5602091103792191E-02 -2.4963740725070238E-04
  -178502.6406250000      1.7967413878068328E-03  2.5602091103792191E-02
   3394204.000000000    
  6.1048369854688644E-02  -11.18270587921143       4.821264743804932    
 -0.3334859013557434       242.4409027099609    
  8.7407931914640358E-07  0.0000000000000000E+00 -1.4178295714373235E-05
 -1.9008065282832831E-04 -1.1711204424500465E-03  0.0000000000000000E+00
   12420.96777343750     -6.7641340137924999E-05 -9.1344723477959633E-04
  -264596.1875000000     -1.4178295714373235E-05 -6.7641340137924999E-05
  2.3022315872367471E-04  3.0913376249372959E-03  1.7544399946928024E-02
 -1.9008065282832831E-04 -9.1344723477959633E-04  3.0913376249372959E-03
  4.1984740644693375E-02  0.2171806842088699     -1.1711204424500465E-03
  -264596.1875000000      1.7544399946928024E-02  0.2171806842088699    
   5802907.000000000    
  6.0966249555349350E-02   3.194102048873901       5.387216091156006    
 -0.8909764289855957       7.555537700653076    
  3.7523684568441240E-06 -1.1993813131994102E-05 -5.6599692470626906E-05
 -7.0518831489607692E-04  1.0162054095417261E-03 -1.1993813131994102E-05
   23960.12695312500      0.0000000000000000E+00  0.0000000000000000E+00
  -502790.0937500000     -5.6599692470626906E-05  0.0000000000000000E+00
  8.5428089369088411E-04  1.0660826228559017E-02 -1.9166335463523865E-02
 -7.0518831489607692E-04  0.0000000000000000E+00  1.0660826228559017E-02
  0.1341534554958344     -0.2401815801858902      1.0162054095417261E-03
  -502790.0937500000     -1.9166335463523865E-02 -0.2401815801858902    
   10750226.00000000    
  1.7501953989267349E-02   11.40354442596436       2.745977163314819    
  -4.316650390625000      -137.2414703369141    
  1.1352974070177879E-05 -2.5126901164185256E-05 -1.9044899090658873E-04
 -1.8652079161256552E-03  1.1309910565614700E-02 -2.5126901164185256E-05
   34757.48046875000      0.0000000000000000E+00  0.0000000000000000E+00
  -646519.1250000000     -1.9044899090658873E-04  0.0000000000000000E+00
  3.2055913470685482E-03  3.1516350805759430E-02 -0.2058830261230469    
 -1.8652079161256552E-03  0.0000000000000000E+00  3.1516350805759430E-02
  0.3112765550613403      -2.028802156448364      1.1309910565614700E-02
  -646519.1250000000     -0.2058830261230469      -2.028802156448364    
   12225490.00000000    
  2.0336937159299850E-02  -24.35202026367188       5.668699264526367    
  -4.840268135070801       543.7199707031250    
  1.2167824934294913E-05  2.4943234166130424E-05 -2.2957044711802155E-04
 -2.6790066622197628E-03 -3.6914642900228500E-02  2.4943234166130424E-05
   31957.48632812500     -4.7094331239350140E-04 -5.5098580196499825E-03
  -650784.0625000000     -2.2957044711802155E-04 -4.7094331239350140E-04
  4.3375520035624504E-03  5.0701025873422623E-02  0.6872905492782593    
 -2.6790066622197628E-03 -5.5098580196499825E-03  5.0701025873422623E-02
  0.5937290191650391       8.041039466857910     -3.6914642900228500E-02
  -650784.0625000000      0.6872905492782593       8.041039466857910    
   13502040.00000000    
 -3.2933376729488373E-02  -4.160807609558105       6.070071220397949    
  -4.514971733093262       104.3138885498047    
  1.8953198832605267E-06 -7.0966880230116658E-06 -4.8108919145306572E-05
 -4.9901020247489214E-04 -3.3446465386077762E-04 -7.0966880230116658E-06
   16607.67968750000      0.0000000000000000E+00  0.0000000000000000E+00
  -386019.2187500000     -4.8108919145306572E-05  0.0000000000000000E+00
  1.2254590401425958E-03  1.2767628766596317E-02  8.5046878084540367E-03
 -4.9901020247489214E-04  0.0000000000000000E+00  1.2767628766596317E-02
  0.1339306533336639      8.8909663259983063E-02 -3.3446465386077762E-04
  -386019.2187500000      8.5046878084540367E-03  8.8909663259983063E-02
   9222273.000000000    
  2.0318254828453064E-02  -5.946933746337891       4.731666564941406    
  -15.46834182739258       58.71696472167969    
  4.5618275180459023E-05  0.0000000000000000E+00 -5.5065151536837220E-04
 -5.7607465423643589E-03 -5.5327776819467545E-02  0.0000000000000000E+00
   68769.55468750000     -8.5588038200512528E-04 -8.9798392727971077E-03
  -1111149.250000000     -5.5065151536837220E-04 -8.5588038200512528E-04
  6.6574821248650551E-03  6.9774411618709564E-02  0.6544634103775024    
 -5.7607465423643589E-03 -8.9798392727971077E-03  6.9774411618709564E-02
  0.7328599095344543       6.866585731506348     -5.5327776819467545E-02
  -1111149.250000000      0.6544634103775024       6.866585731506348    
   18203088.00000000    
  4.0055532008409500E-02  -17.78424072265625      0.4862983822822571    
  -1.097007751464844       386.3881835937500    
  3.5819725781038869E-06  1.0428896530356724E-05 -6.6265361965633929E-05
 -7.8013387974351645E-04 -5.5781449191272259E-03  1.0428896530356724E-05
   18977.30273437500     -3.8624886656180024E-04 -2.2886584047228098E-03
  -434669.3437500000     -6.6265361965633929E-05 -3.8624886656180024E-04
  1.2283438118174672E-03  1.4508399181067944E-02  9.8806038498878479E-02
 -7.8013387974351645E-04 -2.2886584047228098E-03  1.4508399181067944E-02
  0.1725073158740997       1.170920133590698     -5.5781449191272259E-03
  -434669.3437500000      9.8806038498878479E-02   1.170920133590698    
   10263172.00000000    
 -2.7209386229515076E-02  -7.334077835083008       1.319939613342285    
   7.833216667175293       199.0813446044922    
  8.5491672507487237E-05 -1.4518032548949122E-04 -1.3839395251125097E-03
 -1.7720215022563934E-02  0.1021124795079231     -1.4518032548949122E-04
   154089.0312500000      0.0000000000000000E+00  0.0000000000000000E+00
  -3276969.250000000     -1.3839395251125097E-03  0.0000000000000000E+00
  2.2417563945055008E-02  0.2872341275215149      -1.703633308410645    
 -1.7720215022563934E-02  0.0000000000000000E+00  0.2872341275215149    
   3.684133768081665      -21.83984756469727      0.1021124795079231    
  -3276969.250000000      -1.703633308410645      -21.83984756469727    
   69998064.00000000    
  7.4000172317028046E-03  -15.64923667907715       1.335091590881348    
  -2.496982574462891       319.3837890625000    
  2.6103185518877581E-05  0.0000000000000000E+00 -5.0653505604714155E-04
 -5.0583914853632450E-03 -2.4166248738765717E-02  0.0000000000000000E+00
   125836.3046875000     -1.4079048996791244E-03 -1.4096385799348354E-02
  -2322117.250000000     -5.0653505604714155E-04 -1.4079048996791244E-03
  9.8451124504208565E-03  9.8485618829727173E-02  0.4432505071163177    
 -5.0583914853632450E-03 -1.4096385799348354E-02  9.8485618829727173E-02
  0.9869374036788940       4.437963485717773     -2.4166248738765717E-02
  -2322117.250000000      0.4432505071163177       4.437963485717773    
   43157868.00000000    
