  7.1829102933406830E-02  6.2877103686332703E-02  0.2835359871387482    
  2.4544799234718084E-03  0.0000000000000000E+00  0.0000000000000000E+00
  0.0000000000000000E+00  2.3850100114941597E-03  0.0000000000000000E+00
  0.0000000000000000E+00  0.0000000000000000E+00  1.9891200587153435E-02
  4.4979826E-03
          27
 -1.8327895551919937E-02 -0.8105865716934204       3.164715290069580    
  9.6292756497859955E-02   1.686798810958862    
  3.5346108262501730E-08  2.3426537154591642E-06 -1.0923191666734056E-06
 -1.3965674952487461E-05  1.0785675840452313E-03  2.3426537154591642E-06
  3.1690430478192866E-04 -4.5912045607110485E-05 -4.5513143413700163E-04
  0.1239553466439247     -1.0923191666734056E-06 -4.5912045607110485E-05
  7.5712690886575729E-05  1.1689849197864532E-03 -2.1478233858942986E-02
 -1.3965674952487461E-05 -4.5513143413700163E-04  1.1689849197864532E-03
  1.8596688285470009E-02 -0.2154896855354309      1.0785675840452313E-03
  0.1239553466439247     -2.1478233858942986E-02 -0.2154896855354309    
   400.9065856933594    
  3.7901527248322964E-03 -0.7465196847915649       3.969346761703491    
  0.2274869978427887      0.9293389320373535    
  2.2086153739220293E-10 -1.7990499756592726E-08 -1.5265293029642635E-08
 -2.6293804467059090E-07 -4.2618412976480613E-07 -1.7990499756592726E-08
  1.1408548743929714E-05  4.1586227439438517E-07  4.6380841922655236E-06
  1.0719303099904209E-04 -1.5265293029642635E-08  4.1586227439438517E-07
  4.3137229113199282E-06  7.9611541877966374E-05  1.2519625670392998E-05
 -2.6293804467059090E-07  4.6380841922655236E-06  7.9611541877966374E-05
  1.5392553759738803E-03  1.6449225950054824E-04 -4.2618412976480613E-07
  1.0719303099904209E-04  1.2519625670392998E-05  1.6449225950054824E-04
  0.1391386240720749    
  4.6198256313800812E-03  -1.065059304237366       3.244322776794434    
  1.8325578421354294E-02  0.9299333095550537    
  3.2697308749440879E-10 -4.3175262476324860E-08 -1.9172558651803229E-08
 -3.4812481430890330E-07  3.5977268453279976E-07 -4.3175262476324860E-08
  2.1204445147304796E-05  1.0501851193112088E-06  1.2405153029249050E-05
 -3.5856795147992671E-04 -1.9172558651803229E-08  1.0501851193112088E-06
  4.2798292270163074E-06  8.5447019955608994E-05 -2.2996387087914627E-06
 -3.4812481430890330E-07  1.2405153029249050E-05  8.5447019955608994E-05
  1.7919135279953480E-03  4.2296545871067792E-05  3.5977268453279976E-07
 -3.5856795147992671E-04 -2.2996387087914627E-06  4.2296545871067792E-05
  2.4374334141612053E-02
 -1.1583144776523113E-02   1.009990215301514       1.232368707656860    
  6.7311063408851624E-02   1.008869767189026    
  6.1321228095323477E-09 -8.5742493638463202E-07 -1.8936735557417705E-07
 -2.3616662474523764E-06 -2.4251967261079699E-04 -8.5742493638463202E-07
  1.5419867122545838E-04  1.9997400158899836E-05  2.1828345779795200E-04
  4.1548602283000946E-02 -1.8936735557417705E-07  1.9997400158899836E-05
  3.3050517231458798E-05  5.3434830624610186E-04  4.7394991852343082E-03
 -2.3616662474523764E-06  2.1828345779795200E-04  5.3434830624610186E-04
  8.8934293016791344E-03  4.5903045684099197E-02 -2.4251967261079699E-04
  4.1548602283000946E-02  4.7394991852343082E-03  4.5903045684099197E-02
   66.52059936523438    
 -1.2022340670228004E-02  0.8381429314613342       2.944536447525024    
  0.2032450288534164      0.8531610369682312    
  5.7609539361180850E-09 -5.6276417126355227E-07 -1.4232674061531725E-07
 -1.6717086737116915E-06  5.8648020058171824E-06 -5.6276417126355227E-07
  1.0693506192183122E-04  1.1477030056994408E-05  1.1646653001662344E-04
 -1.6742245061323047E-03 -1.4232674061531725E-07  1.1477030056994408E-05
  1.3516684703063220E-05  2.2401852766051888E-04 -9.1918314865324646E-05
 -1.6717086737116915E-06  1.1646653001662344E-04  2.2401852766051888E-04
  3.9133089594542980E-03 -6.8526138784363866E-04  5.8648020058171824E-06
 -1.6742245061323047E-03 -9.1918314865324646E-05 -6.8526138784363866E-04
  0.2118431329727173    
  7.7233135700225830E-02   1.522496223449707       1.449092864990234    
  -119.2909698486328      -126.8423309326172    
  2.4357319716727943E-07 -1.8185915905633010E-05 -4.4386752051650546E-07
 -2.7701664293999784E-05  3.6087536136619747E-04 -1.8185915905633010E-05
  2.0306340884417295E-03  3.4494816645747051E-05  2.4687724653631449E-03
 -3.8152214139699936E-02 -4.4386752051650546E-07  3.4494816645747051E-05
  2.4739388209127355E-06  5.5940865422599018E-05 -6.9814064772799611E-04
 -2.7701664293999784E-05  2.4687724653631449E-03  5.5940865422599018E-05
  4.7604250721633434E-03 -5.2973370999097824E-02  3.6087536136619747E-04
 -3.8152214139699936E-02 -6.9814064772799611E-04 -5.2973370999097824E-02
  0.7755963802337646    
  6.9739809259772301E-04  -1.618889570236206       3.579543590545654    
  1.8812224268913269E-02   1.004277110099792    
  4.5965200395903238E-11 -1.8147672253832070E-10 -3.0227147451711289E-09
 -7.0605132407308702E-08 -2.7752540265879588E-09 -1.8147672253832070E-10
  4.6002719500393141E-06  2.7929603074738907E-09  1.7602511448444602E-08
 -3.3398001687601209E-04 -3.0227147451711289E-09  2.7929603074738907E-09
  2.6702068112172128E-07  6.4613950598868541E-06  2.4998345793392218E-07
 -7.0605132407308702E-08  1.7602511448444602E-08  6.4613950598868541E-06
  1.8709545838646591E-04  6.5153399191331118E-06 -2.7752540265879588E-09
 -3.3398001687601209E-04  2.4998345793392218E-07  6.5153399191331118E-06
  3.4620314836502075E-02
  1.9179313676431775E-03  -1.668108344078064       3.806512594223022    
  7.8725799918174744E-02   1.203352689743042    
  2.9183624961071075E-10 -3.8874246044429128E-09 -1.4249975421876115E-08
 -2.5383894808328478E-07  4.3937824045769958E-08 -3.8874246044429128E-09
  1.3628855413116980E-05  7.4584107778719044E-08  6.8429756083787652E-07
 -7.1115110768005252E-04 -1.4249975421876115E-08  7.4584107778719044E-08
  1.0980426168316626E-06  2.0844541722908616E-05  4.3160326868019183E-07
 -2.5383894808328478E-07  6.8429756083787652E-07  2.0844541722908616E-05
  4.3966918019577861E-04  2.3798374968464486E-05  4.3937824045769958E-08
 -7.1115110768005252E-04  4.3160326868019183E-07  2.3798374968464486E-05
  5.2360676229000092E-02
 -2.6255601551383734E-03  -1.925257921218872       3.397339344024658    
 -7.4566572904586792E-02   1.189332008361816    
  3.5588015867560330E-10  1.3654428698828269E-08 -1.9268494355628718E-08
 -3.3300995028184843E-07 -1.0665462468750775E-07  1.3654428698828269E-08
  2.3296595827559941E-05 -2.8209498736941896E-07 -2.8485180791903986E-06
 -8.5928215412423015E-04 -1.9268494355628718E-08 -2.8209498736941896E-07
  1.7903295201904257E-06  3.2330099202226847E-05 -5.5783192465241882E-07
 -3.3300995028184843E-07 -2.8485180791903986E-06  3.2330099202226847E-05
  6.3608301570639014E-04 -4.0519775211578235E-05 -1.0665462468750775E-07
 -8.5928215412423015E-04 -5.5783192465241882E-07 -4.0519775211578235E-05
  6.4622841775417328E-02
  8.9985420927405357E-03   1.880125403404236      0.3175013959407806    
 -0.2974071800708771       4.592986583709717    
  6.0281455382948934E-09  5.7482753845761181E-07 -2.4152816990863357E-07
 -3.4786737614922458E-06  1.2735912378047942E-06  5.7482753845761181E-07
  1.9332356168888509E-04 -1.2725661690637935E-05 -1.3756303815171123E-04
 -1.9809845834970474E-03 -2.4152816990863357E-07 -1.2725661690637935E-05
  1.8944363546324894E-05  3.0709343263879418E-04 -9.2194335593376309E-05
 -3.4786737614922458E-06 -1.3756303815171123E-04  3.0709343263879418E-04
  5.2581792697310448E-03 -1.5444181626662612E-03  1.2735912378047942E-06
 -1.9809845834970474E-03 -9.2194335593376309E-05 -1.5444181626662612E-03
  0.5305662751197815    
 -1.5153621789067984E-03   2.088123321533203      0.4362965822219849    
   1.066504597663879       3.591295242309570    
  1.9080264035409300E-09  9.7041230606720319E-10 -1.2704822438536212E-07
 -3.8740654417779297E-06 -5.7505906170263188E-07  9.7041230606720319E-10
  1.6677480743965134E-05 -6.4676470401536790E-08 -1.8126876284441096E-06
 -1.1582347797229886E-03 -1.2704822438536212E-07 -6.4676470401536790E-08
  8.6015097622293979E-06  2.6629929197952151E-04  3.9202030166052282E-05
 -3.8740654417779297E-06 -1.8126876284441096E-06  2.6629929197952151E-04
  8.4105571731925011E-03  1.2225763639435172E-03 -5.7505906170263188E-07
 -1.1582347797229886E-03  3.9202030166052282E-05  1.2225763639435172E-03
  8.7917357683181763E-02
  2.9261533636599779E-03   2.101580142974854      0.6416590213775635    
  0.1318699121475220      0.7955765724182129    
  1.1137403221894715E-09  1.9558447306167182E-08 -5.2130374683656555E-08
 -8.1217098113484099E-07  1.0255639608658385E-06  1.9558447306167182E-08
  4.4840471673524007E-05 -3.7096197047503665E-07 -3.4157792470068671E-06
 -8.4014469757676125E-04 -5.2130374683656555E-08 -3.7096197047503665E-07
  3.3120682019216474E-06  5.2767518354812637E-05 -2.2346714104060084E-05
 -8.1217098113484099E-07 -3.4157792470068671E-06  5.2767518354812637E-05
  9.7217148868367076E-04 -2.5317899417132139E-04  1.0255639608658385E-06
 -8.4014469757676125E-04 -2.2346714104060084E-05 -2.5317899417132139E-04
  0.6809609532356262    
 -2.0011706277728081E-02  -2.415771722793579       4.175691604614258    
   11.00227928161621      -4.745547771453857    
  3.6342473208605952E-07 -1.5186294604063733E-06 -1.4730003385921009E-05
 -6.4592709532007575E-04  1.1539601255208254E-03 -1.5186294604063733E-06
  2.3456482449546456E-04  5.5671331210760400E-05  1.6687192255631089E-03
 -1.5810189768671989E-02 -1.4730003385921009E-05  5.5671331210760400E-05
  6.0062151169404387E-04  2.6551067829132080E-02 -4.7065343707799911E-02
 -6.4592709532007575E-04  1.6687192255631089E-03  2.6551067829132080E-02
   1.200553059577942      -2.082009553909302      1.1539601255208254E-03
 -1.5810189768671989E-02 -4.7065343707799911E-02  -2.082009553909302    
   4.349817276000977    
  1.6445759683847427E-02  -2.465047359466553       3.097161054611206    
  -8.486931800842285       2.385747432708740    
  3.9896110592962941E-07  1.7226849422513624E-06 -1.7514837963972241E-05
 -5.9373088879510760E-04 -9.0411701239645481E-04  1.7226849422513624E-06
  1.9521874492056668E-04 -7.0434689405374229E-05 -2.1145252976566553E-03
 -1.3047668151557446E-02 -1.7514837963972241E-05 -7.0434689405374229E-05
  7.7535846503451467E-04  2.6527911424636841E-02  4.0045332163572311E-02
 -5.9373088879510760E-04 -2.1145252976566553E-03  2.6527911424636841E-02
  0.9197932481765747       1.371251106262207     -9.0411701239645481E-04
 -1.3047668151557446E-02  4.0045332163572311E-02   1.371251106262207    
   2.578074693679810    
 -1.5376865863800049E-02 -0.5083027482032776      0.7727641463279724    
  0.3524599075317383       1.884235501289368    
  1.7990789302757548E-08  6.8589929469453637E-07 -6.4920897102638264E-07
 -8.7957723735598847E-06  1.0301467409590259E-04  6.8589929469453637E-07
  1.3814406702294946E-04 -1.5171965969784651E-05 -1.6453162243124098E-04
  1.5014881268143654E-02 -6.4920897102638264E-07 -1.5171965969784651E-05
  5.7359902712050825E-05  9.1748143313452601E-04 -1.8864293815568089E-03
 -8.7957723735598847E-06 -1.6453162243124098E-04  9.1748143313452601E-04
  1.5216957777738571E-02 -1.7747066915035248E-02  1.0301467409590259E-04
  1.5014881268143654E-02 -1.8864293815568089E-03 -1.7747066915035248E-02
   20.78027725219727    
 -1.0126508772373199E-02 -0.6571943163871765      0.8460423946380615    
  0.1190554723143578       1.509023189544678    
  2.2499377916318508E-09  3.2880922162803472E-07 -6.2529636579711223E-08
 -7.8647360624017892E-07  9.8577533208299428E-05  3.2880922162803472E-07
  7.3990617238450795E-05 -6.9578127295244485E-06 -7.2488881414756179E-05
  2.1249897778034210E-02 -6.2529636579711223E-08 -6.9578127295244485E-06
  1.0889583791140467E-05  1.9172561587765813E-04 -2.0161755383014679E-03
 -7.8647360624017892E-07 -7.2488881414756179E-05  1.9172561587765813E-04
  3.5439287312328815E-03 -2.0353714004158974E-02  9.8577533208299428E-05
  2.1249897778034210E-02 -2.0161755383014679E-03 -2.0353714004158974E-02
   58.03589248657227    
  3.0351341702044010E-03   1.150307059288025      0.3596895635128021    
 -0.2335370332002640      0.8755174875259399    
  7.5609696281730976E-10 -2.7375052225053764E-10 -8.1404863294665120E-08
 -4.1708944991114549E-06  5.5337568483082578E-07 -2.7375052225053764E-10
  3.2527768780710176E-06  5.1323215899401475E-08  2.4880473574739881E-06
 -3.3668434480205178E-04 -8.1404863294665120E-08  5.1323215899401475E-08
  9.0871862994390540E-06  4.7738687135279179E-04 -6.5114945755340159E-05
 -4.1708944991114549E-06  2.4880473574739881E-06  4.7738687135279179E-04
  2.5731554254889488E-02 -3.5004133824259043E-03  5.5337568483082578E-07
 -3.3668434480205178E-04 -6.5114945755340159E-05 -3.5004133824259043E-03
  3.8928024470806122E-02
  5.0848205573856831E-03   1.492236971855164       1.022823452949524    
 -9.4042960554361343E-03  0.9466510415077209    
  9.1725893547334181E-10  8.6842774749129603E-08 -4.2349839191047067E-08
 -6.0043572602808126E-07  5.2740192586497869E-06  8.6842774749129603E-08
  4.6574263251386583E-05 -1.9470182905934053E-06 -2.0531284462776966E-05
  1.5919689321890473E-03 -4.2349839191047067E-08 -1.9470182905934053E-06
  5.6978747124958318E-06  8.8203982159029692E-05 -9.3487607955466956E-05
 -6.0043572602808126E-07 -2.0531284462776966E-05  8.8203982159029692E-05
  1.5719243092462420E-03 -8.4569636965170503E-04  5.2740192586497869E-06
  1.5919689321890473E-03 -9.3487607955466956E-05 -8.4569636965170503E-04
   2.194180488586426    
 -8.9236553758382797E-03  -1.706845641136169       3.565749883651733    
 -2.5151677429676056E-02   1.724897623062134    
  4.7482409115673363E-09  5.3863954008193105E-07 -1.7421695019947947E-07
 -2.3355328266916331E-06  2.2625523342867382E-05  5.3863954008193105E-07
  1.6991217853501439E-04 -1.1420223017921671E-05 -1.1705315409926698E-04
  4.0397807024419308E-03 -1.7421695019947947E-07 -1.1420223017921671E-05
  1.5140568393690046E-05  2.3428942949976772E-04 -5.0427368842065334E-04
 -2.3355328266916331E-06 -1.1705315409926698E-04  2.3428942949976772E-04
  3.8332410622388124E-03 -5.3753475658595562E-03  2.2625523342867382E-05
  4.0397807024419308E-03 -5.0427368842065334E-04 -5.3753475658595562E-03
   4.466693401336670    
 -4.0937215089797974E-03  -1.956898927688599       3.310387372970581    
 -0.1113977730274200       1.037484645843506    
  1.0761219693122825E-09  5.0438561771670720E-08 -4.7464276065056765E-08
 -7.5023882573077572E-07 -3.9636117321606434E-07  5.0438561771670720E-08
  5.2088475058553740E-05 -1.0394483069831040E-06 -1.0445906809763983E-05
 -1.6390382079407573E-03 -4.7464276065056765E-08 -1.0394483069831040E-06
  3.6640931284637190E-06  6.3724182837177068E-05 -1.3751957794738701E-06
 -7.5023882573077572E-07 -1.0445906809763983E-05  6.3724182837177068E-05
  1.1718733003363013E-03 -1.2028492346871644E-04 -3.9636117321606434E-07
 -1.6390382079407573E-03 -1.3751957794738701E-06 -1.2028492346871644E-04
  0.1066392883658409    
 -1.6117800027132034E-02   1.317601799964905       5.925273418426514    
  0.4782433509826660       1.308717727661133    
  2.2374766928123790E-08 -2.3991926809685538E-06 -5.4911487268327619E-07
 -6.3013230828801170E-06  5.0688740884652361E-06 -2.3991926809685538E-06
  3.3985477057285607E-04  5.2511099056573585E-05  5.6349963415414095E-04
 -2.3761319462209940E-03 -5.4911487268327619E-07  5.2511099056573585E-05
  3.5966219002148136E-05  5.3986231796443462E-04 -1.3712582585867494E-04
 -6.3013230828801170E-06  5.6349963415414095E-04  5.3986231796443462E-04
  8.5629643872380257E-03 -1.6358804423362017E-03  5.0688740884652361E-06
 -2.3761319462209940E-03 -1.3712582585867494E-04 -1.6358804423362017E-03
   1.167649269104004    
  2.1040771156549454E-02  0.9455143809318542       3.770790100097656    
 -0.6972687840461731       3.223695039749146    
  5.0695646791609761E-08  3.1035294796311064E-06 -1.2190786264909548E-06
 -1.5522526155109517E-05  6.9118359533604234E-05  3.1035294796311064E-06
  3.9135836414061487E-04 -6.2766797782387584E-05 -6.8201712565496564E-04
  2.2081222850829363E-03 -1.2190786264909548E-06 -6.2766797782387584E-05
  4.9055634008254856E-05  8.1196625251322985E-04 -1.6141204396262765E-03
 -1.5522526155109517E-05 -6.8201712565496564E-04  8.1196625251322985E-04
  1.4599953778088093E-02 -2.0061228424310684E-02  6.9118359533604234E-05
  2.2081222850829363E-03 -1.6141204396262765E-03 -2.0061228424310684E-02
   1.958399415016174    
 -7.7103232033550739E-03  -3.094510316848755       4.202435970306396    
  0.3525501489639282       2.437279224395752    
  2.1360122559599404E-08  6.1038309695504722E-07 -7.1489165520688402E-07
 -9.4381593953585252E-06  2.5953382646548562E-05  6.1038309695504722E-07
  5.7584169553592801E-04 -1.0995088814524934E-05 -9.8606666142586619E-05
 -3.2677967101335526E-03 -7.1489165520688402E-07 -1.0995088814524934E-05
  2.9867018383811228E-05  4.1935569606721401E-04 -6.6802499350160360E-04
 -9.4381593953585252E-06 -9.8606666142586619E-05  4.1935569606721401E-04
  6.1029242351651192E-03 -7.8549645841121674E-03  2.5953382646548562E-05
 -3.2677967101335526E-03 -6.6802499350160360E-04 -7.8549645841121674E-03
   3.098661184310913    
  3.8128733634948730E-02  0.9406900405883789       5.476924896240234    
  -1.281251668930054       13.29300117492676    
  1.3064244512861478E-06 -4.5647543629456777E-06 -2.4022305296966806E-05
 -2.7673953445628285E-04  9.8066433565691113E-05 -4.5647543629456777E-06
   9968.516601562500      0.0000000000000000E+00  0.0000000000000000E+00
  -211236.5156250000     -2.4022305296966806E-05  0.0000000000000000E+00
  4.4292188249528408E-04  5.1227104850113392E-03 -3.6113683599978685E-03
 -2.7673953445628285E-04  0.0000000000000000E+00  5.1227104850113392E-03
  5.9662364423274994E-02 -4.1913937777280807E-02  9.8066433565691113E-05
  -211236.5156250000     -3.6113683599978685E-03 -4.1913937777280807E-02
   4600833.500000000    
  3.0682971701025963E-02   1.794416546821594       3.330226898193359    
  0.1626017838716507      -20.97326087951660    
  1.4893911384206149E-06 -5.3758267313241959E-06 -3.0030492780497298E-05
 -3.2388963154517114E-04  1.1883722618222237E-04 -5.3758267313241959E-06
   12127.23632812500      0.0000000000000000E+00  0.0000000000000000E+00
  -264833.7187500000     -3.0030492780497298E-05  0.0000000000000000E+00
  6.0793198645114899E-04  6.5921037457883358E-03 -4.8018172383308411E-03
 -3.2388963154517114E-04  0.0000000000000000E+00  6.5921037457883358E-03
  7.2068281471729279E-02 -5.2281759679317474E-02  1.1883722618222237E-04
  -264833.7187500000     -4.8018172383308411E-03 -5.2281759679317474E-02
   5926199.500000000    
  2.3643106222152710E-02   5.014667510986328       2.438837766647339    
 -2.0213285461068153E-02  -71.02185058593750    
  1.6729803746784455E-06 -5.9066396715934388E-06 -3.4091539419023320E-05
 -3.5982916597276926E-04  2.4362657859455794E-04 -5.9066396715934388E-06
   13033.77246093750      0.0000000000000000E+00  0.0000000000000000E+00
  -265313.3437500000     -3.4091539419023320E-05  0.0000000000000000E+00
  6.9788692053407431E-04  7.4039231985807419E-03 -7.4638528749346733E-03
 -3.5982916597276926E-04  0.0000000000000000E+00  7.4039231985807419E-03
  7.9047441482543945E-02 -7.9435467720031738E-02  2.4362657859455794E-04
  -265313.3437500000     -7.4638528749346733E-03 -7.9435467720031738E-02
   5543430.000000000    
 -3.4254099591635168E-04  0.7977536916732788      0.3767002820968628    
 -0.1650113165378571       28.71506118774414    
  2.7002752176485956E-06  0.0000000000000000E+00 -5.7425324484938756E-05
 -5.9430958935990930E-04  0.0000000000000000E+00  0.0000000000000000E+00
   14363.37695312500      0.0000000000000000E+00  0.0000000000000000E+00
  -313247.5312500000     -5.7425324484938756E-05  0.0000000000000000E+00
  1.2268219143152237E-03  1.2763532809913158E-02 -3.7062577903270721E-03
 -5.9430958935990930E-04  0.0000000000000000E+00  1.2763532809913158E-02
  0.1336531043052673     -3.8684267550706863E-02  0.0000000000000000E+00
  -313247.5312500000     -3.7062577903270721E-03 -3.8684267550706863E-02
   6997932.500000000    
