  7.1829102933406830E-02  6.2877103686332703E-02  0.2835359871387482    
  2.4544799234718084E-03  0.0000000000000000E+00  0.0000000000000000E+00
  0.0000000000000000E+00  2.3850100114941597E-03  0.0000000000000000E+00
  0.0000000000000000E+00  0.0000000000000000E+00  1.9891200587153435E-02
  4.4979826E-03
          19
 -1.9362854072824121E-03 -0.5462205410003662       1.321791887283325    
   10.90073490142822       3.763003110885620    
  2.4517965435677525E-10 -6.6438022618131587E-13 -2.6739559899624510E-08
 -1.4849415492790285E-06  2.2207314032129943E-07 -6.6438022618131587E-13
  1.1251981959503610E-06  6.8559109500654358E-09  6.2401375089393696E-07
 -1.1923786951228976E-04 -2.6739559899624510E-08  6.8559109500654358E-09
  3.0846481422486249E-06  1.7682708858046681E-04 -2.6478948711883277E-05
 -1.4849415492790285E-06  6.2401375089393696E-07  1.7682708858046681E-04
  1.0430720634758472E-02 -1.5592949930578470E-03  2.2207314032129943E-07
 -1.1923786951228976E-04 -2.6478948711883277E-05 -1.5592949930578470E-03
  1.4280799776315689E-02
  1.6725478926673532E-03 -0.4900277554988861      0.9586430788040161    
  8.7697379291057587E-02  0.8332337737083435    
  6.6856402358705935E-11 -9.5931340649002550E-10 -6.0423723802216500E-09
 -1.1287549028793364E-07 -1.0298646202500095E-07 -9.5931340649002550E-10
  2.2371893919626018E-06  1.9778578774776179E-08  1.9893076341759297E-07
  7.2897935751825571E-05 -6.0423723802216500E-09  1.9778578774776179E-08
  1.6166676459761220E-06  2.8355341783026233E-05  2.3170211989054224E-06
 -1.1287549028793364E-07  1.9893076341759297E-07  2.8355341783026233E-05
  6.8544677924364805E-04  2.7596779546001926E-05 -1.0298646202500095E-07
  7.2897935751825571E-05  2.3170211989054224E-06  2.7596779546001926E-05
  0.1994890272617340    
  1.3746918411925435E-03  0.3065514266490936       4.112634181976318    
 -6.3485484570264816E-03  0.5858926773071289    
  5.6793268005117525E-11  3.3953867495384316E-10 -6.0737250784370644E-09
 -1.1817935074986963E-07  2.6166295796770100E-08  3.3953867495384316E-10
  1.3567778296419419E-06 -6.6544325605377708E-09 -6.3424202778605832E-08
  2.0508505258476362E-05 -6.0737250784370644E-09 -6.6544325605377708E-09
  1.4165462971504894E-06  2.6752637495519593E-05 -9.0914238626282895E-07
 -1.1817935074986963E-07 -6.3424202778605832E-08  2.6752637495519593E-05
  5.5083981715142727E-04 -1.3482957911037374E-05  2.6166295796770100E-08
  2.0508505258476362E-05 -9.0914238626282895E-07 -1.3482957911037374E-05
  2.4908196181058884E-02
 -4.1359174065291882E-03  0.5577171444892883       4.304480552673340    
   7.071135997772217       1.137761950492859    
  1.3747912808170781E-09  8.9560869831473156E-10 -1.3856930536348955E-07
 -7.2258662839885801E-06 -1.1989255881417193E-06  8.9560869831473156E-10
  2.3253564904734958E-06 -1.0812239281676739E-07 -5.8230857575836126E-06
 -2.4517075507901609E-04 -1.3856930536348955E-07 -1.0812239281676739E-07
  1.4469380403170362E-05  7.7269820030778646E-04  1.2838310794904828E-04
 -7.2258662839885801E-06 -5.8230857575836126E-06  7.7269820030778646E-04
  4.2149357497692108E-02  6.9668516516685486E-03 -1.1989255881417193E-06
 -2.4517075507901609E-04  1.2838310794904828E-04  6.9668516516685486E-03
  2.8950605541467667E-02
 -1.7322658095508814E-03  0.4571790099143982       3.924232959747314    
 -2.5622257962822914E-02  0.4302291870117188    
  1.8648001198773301E-10  1.1213506685703312E-11 -1.8173745175431577E-08
 -7.8889547694416251E-07 -1.9805005635475936E-08  1.1213506685703312E-11
  7.3165807634723024E-07 -3.2141240779992586E-09 -1.1187768933496045E-07
 -7.1914451837074012E-05 -1.8173745175431577E-08 -3.2141240779992586E-09
  1.9084436644334346E-06  8.6393622041214257E-05  2.2690114747092593E-06
 -7.8889547694416251E-07 -1.1187768933496045E-07  8.6393622041214257E-05
  4.1107260622084141E-03  1.0553923493716866E-04 -1.9805005635475936E-08
 -7.1914451837074012E-05  2.2690114747092593E-06  1.0553923493716866E-04
  8.2163251936435699E-03
 -3.0571236857213080E-04 -0.5476503372192383      0.9075714945793152    
  3.7560195196419954E-03  0.9543212652206421    
  1.5643025069733696E-11  4.3236620880793275E-12 -1.6592240914548029E-09
 -4.3843296992918113E-08  5.0144648433558814E-09  4.3236620880793275E-12
  7.7721171010125545E-07  6.7155184191314277E-11  1.9639578852093109E-09
 -4.2906562157440931E-05 -1.6592240914548029E-09  6.7155184191314277E-11
  2.2666255006242864E-07  5.7686133914103266E-06 -1.6599186380972242E-07
 -4.3843296992918113E-08  1.9639578852093109E-09  5.7686133914103266E-06
  1.9385857740417123E-04 -2.8685346933343681E-06  5.0144648433558814E-09
 -4.2906562157440931E-05 -1.6599186380972242E-07 -2.8685346933343681E-06
  0.1569742709398270    
  1.7184420721605420E-03  0.6371611356735229       3.968717575073242    
  1.1175660416483879E-02  0.4015007913112640    
  5.1893125213586799E-11  1.3060592607416766E-09 -3.1797731114835415E-09
 -6.1051437683090626E-08  1.8089904685325564E-08  1.3060592607416766E-09
  2.7146559204993537E-06 -2.9854533067918965E-08 -3.3024386425495322E-07
 -8.5332874732557684E-05 -3.1797731114835415E-09 -2.9854533067918965E-08
  1.0044052487501176E-06  1.9298258848721161E-05 -6.2527340105589246E-07
 -6.1051437683090626E-08 -3.3024386425495322E-07  1.9298258848721161E-05
  4.2175000999122858E-04 -1.0730695066740736E-05  1.8089904685325564E-08
 -8.5332874732557684E-05 -6.2527340105589246E-07 -1.0730695066740736E-05
  3.8012903183698654E-02
  3.7946258671581745E-03  0.3830871284008026       3.796956062316895    
 -7.0067368447780609E-02  0.2478556782007217    
  3.6154804150534403E-10  7.5898549667385851E-09 -2.4597984094043568E-08
 -4.0275392620969797E-07  1.7324852308320260E-07  7.5898549667385851E-09
  9.3931703304406255E-06 -1.1478456940494652E-07 -7.9161134181049420E-07
 -2.5978678604587913E-04 -2.4597984094043568E-08 -1.1478456940494652E-07
  6.2340795921045355E-06  1.1026880383724347E-04 -1.2196725947433151E-05
 -4.0275392620969797E-07 -7.9161134181049420E-07  1.1026880383724347E-04
  2.0390118006616831E-03 -2.0139948173891753E-04  1.7324852308320260E-07
 -2.5978678604587913E-04 -1.2196725947433151E-05 -2.0139948173891753E-04
  7.0482045412063599E-02
 -2.7373207267373800E-03  0.5654203891754150       3.907449722290039    
 -3.5694520920515060E-02  0.6768372654914856    
  1.6135340286105304E-10 -5.2420552343335203E-09 -1.7082118830558102E-08
 -3.1444216119780322E-07 -5.0966934850293910E-07 -5.2420552343335203E-09
  5.4556976465391926E-06  1.2197115495382604E-07  1.3632402442453895E-06
  3.4271751064807177E-04 -1.7082118830558102E-08  1.2197115495382604E-07
  3.6966166589991190E-06  6.7745007982011884E-05  1.4523566278512590E-05
 -3.1444216119780322E-07  1.3632402442453895E-06  6.7745007982011884E-05
  1.3372995890676975E-03  1.8742859538178891E-04 -5.0966934850293910E-07
  3.4271751064807177E-04  1.4523566278512590E-05  1.8742859538178891E-04
  0.1387414485216141    
 -1.0435032891109586E-03 -0.3921765983104706      0.7320961356163025    
 -2.3997573181986809E-02  0.9622820019721985    
  5.5746351979024666E-11  2.0897350516690949E-10 -6.8104806238977744E-09
 -1.3271228738176433E-07  7.2958428631864081E-08  2.0897350516690949E-10
  1.1841972309412085E-06 -4.2398689004130574E-09 -4.1637505887592852E-08
  1.3996862981002778E-04 -6.8104806238977744E-09 -4.2398689004130574E-09
  1.2534943607533933E-06  2.3929360395413823E-05 -2.0791480892512482E-06
 -1.3271228738176433E-07 -4.1637505887592852E-08  2.3929360395413823E-05
  5.1871256437152624E-04 -2.7693065931089222E-05  7.2958428631864081E-08
  1.3996862981002778E-04 -2.0791480892512482E-06 -2.7693065931089222E-05
  0.3054709434509277    
  3.7563298828899860E-03 -0.1946998238563538      0.8789577484130859    
  0.1988172084093094      0.9469583630561829    
  8.1444395672036762E-10  6.7331355768640577E-11 -7.3465997729726951E-08
 -2.7714495445252396E-06 -5.9338610469694686E-08  6.7331355768640577E-11
  9.6638677860028110E-07 -1.7454926393156711E-08 -6.1271271079021972E-07
 -6.5684660512488335E-05 -7.3465997729726951E-08 -1.7454926393156711E-08
  7.3261771831312217E-06  2.8896745061501861E-04  6.6562938627612311E-06
 -2.7714495445252396E-06 -6.1271271079021972E-07  2.8896745061501861E-04
  1.2041101232171059E-02  2.7018104447051883E-04 -5.9338610469694686E-08
 -6.5684660512488335E-05  6.6562938627612311E-06  2.7018104447051883E-04
  5.5940188467502594E-03
  4.0164045058190823E-03 -0.4816561639308929      0.4877932071685791    
  -10.17135906219482       1.907952666282654    
  5.5334992143940553E-10 -8.7856638630867678E-10 -4.9480291863801540E-08
 -2.1712410216423450E-06 -3.4475056054361630E-07 -8.7856638630867678E-10
  1.8799013332682080E-06  1.1603219718381297E-08 -7.7211166171764489E-07
 -1.3137997302692384E-04 -4.9480291863801540E-08  1.1603219718381297E-08
  5.2884247452311683E-06  2.4455602397210896E-04  4.1141585825243965E-05
 -2.1712410216423450E-06 -7.7211166171764489E-07  2.4455602397210896E-04
  1.2097210623323917E-02  2.0588925108313560E-03 -3.4475056054361630E-07
 -1.3137997302692384E-04  4.1141585825243965E-05  2.0588925108313560E-03
  1.2827484868466854E-02
  5.7730907574295998E-03  0.5573008656501770       3.736274719238281    
  -9.867097854614258       1.706588745117188    
  2.0104924391972645E-09 -1.0191202326481630E-09 -1.9147105945194198E-07
 -1.0274987289449200E-05  2.2878127765579848E-06 -1.0191202326481630E-09
  2.9116554287611507E-06  1.5265867148173129E-07  9.3044855020707473E-06
 -2.8683763230219483E-04 -1.9147105945194198E-07  1.5265867148173129E-07
  1.9008517483598553E-05  1.0483346413820982E-03 -2.3564997536595911E-04
 -1.0274987289449200E-05  9.3044855020707473E-06  1.0483346413820982E-03
  5.9258233755826950E-02 -1.3305021449923515E-02  2.2878127765579848E-06
 -2.8683763230219483E-04 -2.3564997536595911E-04 -1.3305021449923515E-02
  3.3397018909454346E-02
 -5.3553599864244461E-03 -0.4452321231365204      0.9504692554473877    
 -0.9017617702484131       2.164880037307739    
  1.0252557691714514E-09  1.2266068161181920E-09 -9.3509029852612002E-08
 -3.6282081055105664E-06  1.7751341374605545E-07  1.2266068161181920E-09
  2.3707061700406484E-06 -2.2404366362138717E-08 -1.1577699297049548E-06
 -1.5854208322707564E-04 -9.3509029852612002E-08 -2.2404366362138717E-08
  9.8344853540766053E-06  4.0316494414582849E-04 -2.4419534383923747E-05
 -3.6282081055105664E-06 -1.1577699297049548E-06  4.0316494414582849E-04
  1.8029792234301567E-02 -1.0638895910233259E-03  1.7751341374605545E-07
 -1.5854208322707564E-04 -2.4419534383923747E-05 -1.0638895910233259E-03
  1.3819188810884953E-02
  1.4409627765417099E-03  0.3838090300559998       3.886073112487793    
 -0.1603638231754303      0.7766401767730713    
  1.5105100503731705E-09 -2.8176436184246256E-10 -1.9438598997112422E-07
 -1.2149420399509836E-05  3.1700889735475357E-07 -2.8176436184246256E-10
  1.9437563878454966E-06  3.0817108864766851E-08  1.5428465758304810E-06
 -2.5339549756608903E-04 -1.9438598997112422E-07  3.0817108864766851E-08
  2.5236931833205745E-05  1.5903430758044124E-03 -4.1087594581767917E-05
 -1.2149420399509836E-05  1.5428465758304810E-06  1.5903430758044124E-03
  0.1011218875646591     -2.5772685185074806E-03  3.1700889735475357E-07
 -2.5339549756608903E-04 -4.1087594581767917E-05 -2.5772685185074806E-03
  3.4364804625511169E-02
 -6.0669374652206898E-03 -0.4797285497188568      0.4211418330669403    
 -0.1265080422163010      0.6516747474670410    
  5.9959665010822505E-10  4.7123126734049947E-08 -4.0552745161903658E-08
 -6.2957815316622145E-07  3.1512965961155714E-06  4.7123126734049947E-08
  2.1920013750786893E-05 -1.0745233112174901E-06 -1.1563029147509951E-05
  1.2076030252501369E-03 -4.0552745161903658E-08 -1.0745233112174901E-06
  9.9935014077345841E-06  1.6456100274808705E-04 -7.4613788456190377E-05
 -6.2957815316622145E-07 -1.1563029147509951E-05  1.6456100274808705E-04
  2.8826158959418535E-03 -8.2793697947636247E-04  3.1512965961155714E-06
  1.2076030252501369E-03 -7.4613788456190377E-05 -8.2793697947636247E-04
  0.3474820256233215    
 -6.3612329540774226E-04  0.4172566831111908       3.935908079147339    
 -4.3713916093111038E-02  0.6542565822601318    
  3.6839715306102860E-11 -2.2479610187198240E-11 -2.9526769917964657E-09
 -6.6533232256915653E-08 -2.8621929271110957E-09 -2.2479610187198240E-11
  1.8540586097515188E-06 -6.2615157503387309E-10 -1.7967925813877628E-08
 -1.8776211072690785E-04 -2.9526769917964657E-09 -6.2615157503387309E-10
  4.0791579181131965E-07  9.1165047706454061E-06  1.9942994811117387E-07
 -6.6533232256915653E-08 -1.7967925813877628E-08  9.1165047706454061E-06
  2.7207742095924914E-04  4.3096215449622832E-06 -2.8621929271110957E-09
 -1.8776211072690785E-04  1.9942994811117387E-07  4.3096215449622832E-06
  2.5380378589034081E-02
 -4.4411148875951767E-02  -1.377740621566772      0.1176765859127045    
 -0.1426942199468613       66.03028869628906    
  9.3179795612741145E-07 -3.5871687487087911E-06 -1.7977230527321808E-05
 -2.1148155792616308E-04  8.0555386375635862E-05 -3.5871687487087911E-06
   8631.015625000000      0.0000000000000000E+00  0.0000000000000000E+00
  -191023.9375000000     -1.7977230527321808E-05  0.0000000000000000E+00
  3.4758614492602646E-04  4.1033201850950718E-03 -3.1116802711039782E-03
 -2.1148155792616308E-04  0.0000000000000000E+00  4.1033201850950718E-03
  4.8810720443725586E-02 -3.6874093115329742E-02  8.0555386375635862E-05
  -191023.9375000000     -3.1116802711039782E-03 -3.6874093115329742E-02
   4352588.000000000    
  5.7078268378973007E-02   3.190058708190918       6.230582237243652    
  -1.448080539703369      -33.36121749877930    
  8.1802500062622130E-07 -3.4173192489106441E-06 -1.2984330169274472E-05
 -1.6921057249419391E-04  2.3223597963806242E-04 -3.4173192489106441E-06
   8922.458984375000      0.0000000000000000E+00  0.0000000000000000E+00
  -198408.1406250000     -1.2984330169274472E-05  0.0000000000000000E+00
  2.0632843370549381E-04  2.6937420479953289E-03 -4.9177277833223343E-03
 -1.6921057249419391E-04  0.0000000000000000E+00  2.6937420479953289E-03
  3.5591412335634232E-02 -6.4588852226734161E-02  2.3223597963806242E-04
  -198408.1406250000     -4.9177277833223343E-03 -6.4588852226734161E-02
   4578571.000000000    
