  7.1829102933406830E-02  6.2877103686332703E-02  0.2835359871387482    
  2.4544799234718084E-03  0.0000000000000000E+00  0.0000000000000000E+00
  0.0000000000000000E+00  2.3850100114941597E-03  0.0000000000000000E+00
  0.0000000000000000E+00  0.0000000000000000E+00  1.9891200587153435E-02
  4.4979826E-03
          29
 -4.4976156204938889E-02  0.1352297812700272       4.399905204772949    
   139.3717498779297       62.50624084472656    
  5.8381956478115171E-06  1.0088519957207609E-06 -1.8101231034961529E-05
 -2.5683685671538115E-03 -5.5016839178279042E-04  1.0088519957207609E-06
  5.8051729865837842E-05 -3.1786782983544981E-06 -4.6543843927793205E-04
 -1.7573019722476602E-03 -1.8101231034961529E-05 -3.1786782983544981E-06
  5.6302600569324568E-05  8.0203888937830925E-03  1.7150852363556623E-03
 -2.5683685671538115E-03 -4.6543843927793205E-04  8.0203888937830925E-03
   1.168167114257813      0.2479475289583206     -5.5016839178279042E-04
 -1.7573019722476602E-03  1.7150852363556623E-03  0.2479475289583206    
  0.1034182161092758    
  8.8537242263555527E-03 -0.1588642746210098      5.6966379284858704E-02
   27.17710304260254      -3.370452165603638    
  4.8623227485222742E-05  9.5333316494361497E-06 -3.6329932045191526E-03
 -8.2954779267311096E-02  1.2878512032330036E-02  9.5333316494361497E-06
  7.6452968642115593E-05 -5.4368335986509919E-04 -8.0018592998385429E-03
 -2.3430942092090845E-03 -3.6329932045191526E-03 -5.4368335986509919E-04
  0.2728424370288849       6.265609741210938     -0.9753782749176025    
 -8.2954779267311096E-02 -8.0018592998385429E-03   6.265609741210938    
   144.8449096679688      -22.61390304565430      1.2878512032330036E-02
 -2.3430942092090845E-03 -0.9753782749176025      -22.61390304565430    
   3.736010074615479    
  1.9561231601983309E-03 -0.3835314810276031       5.953095912933350    
  5.7587333023548126E-02  0.7684057354927063    
  8.1821986686048120E-11 -1.3920594676974929E-09 -6.3766507629736680E-09
 -9.9332226000115043E-08 -1.3104669278618530E-06 -1.3920594676974929E-09
  2.7763726393459365E-06  3.0713366072632198E-08  3.2089127444123733E-07
  1.9429605454206467E-03 -6.3766507629736680E-09  3.0713366072632198E-08
  2.0867751118203159E-06  3.2094547350425273E-05  2.4621243937872350E-05
 -9.9332226000115043E-08  3.2089127444123733E-07  3.2094547350425273E-05
  6.4892502268776298E-04  2.2812826500739902E-04 -1.3104669278618530E-06
  1.9429605454206467E-03  2.4621243937872350E-05  2.2812826500739902E-04
   13.03948116302490    
  3.5818366450257599E-04 -0.2499004751443863       5.787226200103760    
  0.7864308953285217       1.735904097557068    
  1.3935096132566827E-10  5.4045266525970526E-12 -1.5365371197617606E-08
 -7.1669717272015987E-07  8.6864332393687960E-10  5.4045266525970526E-12
  6.6838896373155876E-07 -3.8812397740173310E-10  1.0785709214644612E-08
 -8.4251005318947136E-05 -1.5365371197617606E-08 -3.8812397740173310E-10
  1.7390284483553842E-06  8.4075276390649378E-05 -1.1986992376478156E-07
 -7.1669717272015987E-07  1.0785709214644612E-08  8.4075276390649378E-05
  4.3511912226676941E-03 -7.4236077125533484E-06  8.6864332393687960E-10
 -8.4251005318947136E-05 -1.1986992376478156E-07 -7.4236077125533484E-06
  1.1709953658282757E-02
 -4.0011913515627384E-03  0.2682734131813049       3.441983699798584    
  7.4037678539752960E-02  0.3436425924301147    
  3.0857638666503817E-10 -1.0066916189543917E-08 -3.0469621492557053E-08
 -4.5932682724014740E-07 -1.0701808605517726E-05 -1.0066916189543917E-08
  1.0912677680607885E-05  2.1916424941537116E-07  2.2442475255957106E-06
  1.0591400787234306E-02 -3.0469621492557053E-08  2.1916424941537116E-07
  1.1092499335063621E-05  1.7265194037463516E-04  2.1722771634813398E-04
 -4.5932682724014740E-07  2.2442475255957106E-06  1.7265194037463516E-04
  2.9071611352264881E-03  2.1192329004406929E-03 -1.0701808605517726E-05
  1.0591400787234306E-02  2.1722771634813398E-04  2.1192329004406929E-03
   50.70025253295898    
  2.8631236637011170E-04  0.3587691187858582       2.602473974227905    
  9.8221272230148315E-02  0.3881907761096954    
  4.0538919443555699E-11 -1.9587038154605940E-12 -4.2713317327525147E-09
 -1.9429691633376933E-07  5.3040005720816907E-10 -1.9587038154605940E-12
  4.1075503531828872E-07  1.2244324998356149E-10  0.0000000000000000E+00
 -4.2986215703422204E-05 -4.2713317327525147E-09  1.2244324998356149E-10
  4.6555467747566581E-07  2.1978055883664638E-05 -5.6839834172706105E-08
 -1.9429691633376933E-07  0.0000000000000000E+00  2.1978055883664638E-05
  1.1043566046282649E-03 -2.5774361347430386E-06  5.3040005720816907E-10
 -4.2986215703422204E-05 -5.6839834172706105E-08 -2.5774361347430386E-06
  5.1572592929005623E-03
 -1.2252586893737316E-03  0.2870599627494812       2.606610059738159    
  0.1103630736470222      0.3843663930892944    
  4.1355148472366210E-11 -1.8500473375482329E-10 -3.1078619677771258E-09
 -7.4177975761813286E-08  1.6363487231885188E-09 -1.8500473375482329E-10
  1.0556500456004869E-06  3.6133247505176769E-09  3.3551479816651408E-08
 -5.5969823733903468E-05 -3.1078619677771258E-09  3.6133247505176769E-09
  7.7299017675613868E-07  1.7061314792954363E-05  1.2517473635398346E-07
 -7.4177975761813286E-08  3.3551479816651408E-08  1.7061314792954363E-05
  4.3818162521347404E-04  4.1850707930279896E-06  1.6363487231885188E-09
 -5.5969823733903468E-05  1.2517473635398346E-07  4.1850707930279896E-06
  5.7351351715624332E-03
 -5.4529804037883878E-04 -0.2538983821868896       5.749866008758545    
 -8.6158595979213715E-02  0.7172057628631592    
  2.1660730500916436E-11  1.2437580479418564E-11 -1.8474811680491143E-09
 -5.1055486949280748E-08  8.9889545806798310E-10  1.2437580479418564E-11
  5.6350609156652354E-07 -4.8521041351445859E-11  1.9194312805836944E-09
 -4.4616965169552714E-05 -1.8474811680491143E-09 -4.8521041351445859E-11
  2.9013432367719361E-07  7.4521276474115439E-06 -5.4960963780104066E-08
 -5.1055486949280748E-08  1.9194312805836944E-09  7.4521276474115439E-06
  2.5539158377796412E-04 -1.4559285546056344E-06  8.9889545806798310E-10
 -4.4616965169552714E-05 -5.4960963780104066E-08 -1.4559285546056344E-06
  8.2999113947153091E-03
 -1.2954141711816192E-03  0.2748460173606873       2.897374391555786    
  0.1500074714422226      0.5713586211204529    
  8.3031463649074766E-11 -3.3519087505595735E-10 -1.0529644711709807E-08
 -1.8305216542557901E-07 -2.3932415160743403E-07 -3.3519087505595735E-10
  1.4641802863479825E-06  6.4429883650518605E-09  6.0977548343998933E-08
  6.7729095462709665E-04 -1.0529644711709807E-08  6.4429883650518605E-09
  2.0054158085258678E-06  3.3216758311027661E-05  5.8311893553764094E-06
 -1.8305216542557901E-07  6.0977548343998933E-08  3.3216758311027661E-05
  6.3487072475254536E-04  6.5896703745238483E-05 -2.3932415160743403E-07
  6.7729095462709665E-04  5.8311893553764094E-06  6.5896703745238483E-05
   1.935202479362488    
  2.1982460748404264E-03 -0.5523208975791931       5.876554965972900    
  8.8471889495849609E-02  0.8814989328384399    
  2.1471358024882647E-10 -4.9746973901365621E-11 -1.9525815631027399E-08
 -7.7493865546784946E-07 -2.3984508601415655E-08 -4.9746973901365621E-11
  9.5173339786924771E-07 -2.3092208145669701E-09 -1.0435391573082597E-07
 -8.1796802987810224E-05 -1.9525815631027399E-08 -2.3092208145669701E-09
  1.9851668184855953E-06  8.3042650658171624E-05  2.9442139748425689E-06
 -7.7493865546784946E-07 -1.0435391573082597E-07  8.3042650658171624E-05
  3.6938297562301159E-03  1.3083648809697479E-04 -2.3984508601415655E-08
 -8.1796802987810224E-05  2.9442139748425689E-06  1.3083648809697479E-04
  8.6100352928042412E-03
  9.2065642820671201E-04 -0.2222129553556442       5.753693103790283    
  3.8454607129096985E-03  0.2044689357280731    
  5.3529189969481195E-09  2.3256988002096080E-10 -7.4950565931430901E-07
 -5.1616407290566713E-05 -5.0679005880738259E-07  2.3256988002096080E-10
  3.1186834803520469E-06 -2.8991001599365518E-08 -1.6554949979763478E-06
 -4.4939335202798247E-04 -7.4950565931430901E-07 -2.8991001599365518E-08
  1.0527256381465122E-04  7.2732088156044483E-03  7.0965215854812413E-05
 -5.1616407290566713E-05 -1.6554949979763478E-06  7.2732088156044483E-03
  0.5043552517890930      4.8900791443884373E-03 -5.0679005880738259E-07
 -4.4939335202798247E-04  7.0965215854812413E-05  4.8900791443884373E-03
  6.6012427210807800E-02
 -1.3133038301020861E-03 -0.3749834299087524       5.899999618530273    
 -1.3896220363676548E-02  0.8132942318916321    
  1.0963345509207301E-10 -5.3677010752872789E-12 -1.0395420524389465E-08
 -4.2906376052087580E-07  6.4944827293800245E-09 -5.3677010752872789E-12
  5.0695393838395830E-07  1.2985167385792806E-09  3.6887367826921036E-08
 -4.9031448725145310E-05 -1.0395420524389465E-08  1.2985167385792806E-09
  1.0737451248132857E-06  4.6444238250842318E-05 -7.3897581387427635E-07
 -4.2906376052087580E-07  3.6887367826921036E-08  4.6444238250842318E-05
  2.1396898664534092E-03 -3.2710719096940011E-05  6.4944827293800245E-09
 -4.9031448725145310E-05 -7.3897581387427635E-07 -3.2710719096940011E-05
  5.6115826591849327E-03
 -2.9168641194701195E-03 -0.1675778329372406       5.938581466674805    
 -5.1566250622272491E-02  0.6936163902282715    
  5.5521742758912751E-10 -6.8366444450074226E-11 -5.2490431556861950E-08
 -2.1968241981085157E-06  3.7432545951787688E-08 -6.8366444450074226E-11
  6.4955798961818800E-07  9.1894776232948061E-09  3.1849037895881338E-07
 -5.3835883591091260E-05 -5.2490431556861950E-08  9.1894776232948061E-09
  5.3707321967522148E-06  2.3472621978726238E-04 -4.0959307625598740E-06
 -2.1968241981085157E-06  3.1849037895881338E-07  2.3472621978726238E-04
  1.0814527049660683E-02 -1.8166388326790184E-04  3.7432545951787688E-08
 -5.3835883591091260E-05 -4.0959307625598740E-06 -1.8166388326790184E-04
  5.3692935034632683E-03
  9.5065962523221970E-03 -0.4575123488903046       6.201035499572754    
  0.7653554677963257      0.8751989006996155    
  2.1363510960270560E-09 -2.5447380380683171E-07 -1.7450844325139769E-07
 -2.6662457912607351E-06 -1.7302660853601992E-04 -2.5447380380683171E-07
  7.2366325184702873E-05  6.7483770180842839E-06  7.7771655924152583E-05
  4.8062052577733994E-02 -1.7450844325139769E-07  6.7483770180842839E-06
  4.4800090108765289E-05  7.3155917925760150E-04  3.6700670607388020E-03
 -2.6662457912607351E-06  7.7771655924152583E-05  7.3155917925760150E-04
  1.2120805680751801E-02  3.7129968404769897E-02 -1.7302660853601992E-04
  4.8062052577733994E-02  3.6700670607388020E-03  3.7129968404769897E-02
   126.0427322387695    
  6.2521398067474365E-02 -0.1833668947219849       1.269119262695313    
  -150.2262878417969       81.63929748535156    
  3.6998185350967105E-06  4.2914371078950353E-06 -5.4943698160059284E-06
 -4.1864643571898341E-04 -2.5451302644796669E-04  4.2914371078950353E-06
  5.4780161008238792E-05 -6.7674550336960237E-06 -8.0545042874291539E-04
 -1.1783380759879947E-03 -5.4943698160059284E-06 -6.7674550336960237E-06
  8.3344402810325846E-06  6.4582476625218987E-04  3.9158525760285556E-04
 -4.1864643571898341E-04 -8.0545042874291539E-04  6.4582476625218987E-04
  6.6982857882976532E-02  3.9879076182842255E-02 -2.5451302644796669E-04
 -1.1783380759879947E-03  3.9158525760285556E-04  3.9879076182842255E-02
  3.8181859999895096E-02
  1.0602266993373632E-03  0.3041219711303711       2.761828184127808    
  0.1265105903148651      0.2619276344776154    
  8.0615646103066041E-11  1.5711990042355239E-10 -7.5086905582111285E-09
 -1.3900098849717324E-07  4.7464229879778941E-08  1.5711990042355239E-10
  1.3980401263324893E-06 -2.6232733763009719E-09 -2.0583522442052526E-08
  8.3397426351439208E-05 -7.5086905582111285E-09 -2.6232733763009719E-09
  1.2813133025701973E-06  2.3380582206300460E-05 -1.2500614730015513E-06
 -1.3900098849717324E-07 -2.0583522442052526E-08  2.3380582206300460E-05
  4.7352167894132435E-04 -1.5364144928753376E-05  4.7464229879778941E-08
  8.3397426351439208E-05 -1.2500614730015513E-06 -1.5364144928753376E-05
  0.2048461437225342    
 -2.4141306057572365E-02  -2.023858308792114      0.8575596809387207    
  0.3117901384830475       5.035698890686035    
  1.3674483057002362E-07  1.0029336408479139E-05 -3.1823331028135726E-06
 -3.6491332139121369E-05 -1.1403622011130210E-05  1.0029336408479139E-05
  1.5193738508969545E-03 -2.0036661589983851E-04 -2.0717983134090900E-03
 -2.1545847877860069E-02 -3.1823331028135726E-06 -2.0036661589983851E-04
  1.0349558579036966E-04  1.3782717287540436E-03 -4.0248114964924753E-04
 -3.6491332139121369E-05 -2.0717983134090900E-03  1.3782717287540436E-03
  1.9429029896855354E-02 -9.1989459469914436E-03 -1.1403622011130210E-05
 -2.1545847877860069E-02 -4.0248114964924753E-04 -9.1989459469914436E-03
   4.663568496704102    
 -3.2280429732054472E-03  0.4424692690372467       2.732956886291504    
  7.2240442037582397E-02  0.5175884962081909    
  1.9017391827969021E-10 -8.1328774825806249E-09 -1.5364784999860603E-08
 -2.3207465460473031E-07 -4.1863495425786823E-06 -8.1328774825806249E-09
  7.7211680036270991E-06  1.8495364884074661E-07  1.9566282389860135E-06
  3.4229708835482597E-03 -1.5364784999860603E-08  1.8495364884074661E-07
  5.9532499108172487E-06  9.3719987489748746E-05  8.1081547250505537E-05
 -2.3207465460473031E-07  1.9566282389860135E-06  9.3719987489748746E-05
  1.6227466985583305E-03  7.7011733083054423E-04 -4.1863495425786823E-06
  3.4229708835482597E-03  8.1081547250505537E-05  7.7011733083054423E-04
   10.28893756866455    
  2.4734975304454565E-03  0.2098244279623032       2.608654737472534    
  6.2019132077693939E-02  0.3660125136375427    
  1.6474950570444236E-10  1.9765582504049917E-09 -1.6799548419044186E-08
 -2.5909633905030205E-07  4.7482881200267002E-06  1.9765582504049917E-09
  4.5794445213687140E-06 -4.2443172532102835E-08 -4.3286982531753893E-07
  9.5233488827943802E-03 -1.6799548419044186E-08 -4.2443172532102835E-08
  5.0796938921848778E-06  8.0565987445879728E-05 -1.0136358469026163E-04
 -2.5909633905030205E-07 -4.3286982531753893E-07  8.0565987445879728E-05
  1.4031828613951802E-03 -1.0240281699225307E-03  4.7482881200267002E-06
  9.5233488827943802E-03 -1.0136358469026163E-04 -1.0240281699225307E-03
   121.5083541870117    
  5.9059257619082928E-03 -0.3045776486396790       6.041166305541992    
 -0.1192148402333260      0.8497980237007141    
  6.5898897450011873E-10 -3.0186559030198623E-08 -4.9873236207531590E-08
 -7.3608225648058578E-07 -7.8491621025023051E-06 -3.0186559030198623E-08
  2.0094921637792140E-05  6.8310941969684791E-07  7.1879203460412100E-06
  4.6410141512751579E-03 -4.9873236207531590E-08  6.8310941969684791E-07
  1.8530527086113580E-05  2.9435972101055086E-04  1.4403676323127002E-04
 -7.3608225648058578E-07  7.1879203460412100E-06  2.9435972101055086E-04
  4.9459589645266533E-03  1.3095088070258498E-03 -7.8491621025023051E-06
  4.6410141512751579E-03  1.4403676323127002E-04  1.3095088070258498E-03
   12.25019836425781    
 -9.6799787133932114E-03 -0.8218180537223816       5.559538364410400    
 -0.1296755969524384      0.3367124497890472    
  2.3258659442859653E-09  3.4034948726002767E-07 -8.9734584207690204E-08
 -1.2024079296679702E-06  2.3038935978547670E-05  3.4034948726002767E-07
  7.5179952546022832E-05 -8.3651966633624397E-06 -9.3727103376295418E-05
  4.5804148539900780E-03 -8.9734584207690204E-08 -8.3651966633624397E-06
  2.4772136384854093E-05  4.1015268652699888E-04 -4.3783895671367645E-04
 -1.2024079296679702E-06 -9.3727103376295418E-05  4.1015268652699888E-04
  6.9698421284556389E-03 -4.1301702149212360E-03  2.3038935978547670E-05
  4.5804148539900780E-03 -4.3783895671367645E-04 -4.1301702149212360E-03
   5.056704998016357    
 -1.4113695360720158E-02 -0.8161840438842773      0.8983002305030823    
   2.808197736740112     -0.6507187485694885    
  1.1993973814128367E-08  1.0809877721840166E-06 -6.1119169458834222E-07
 -1.1269617061770987E-05  2.5806805933825672E-04  1.0809877721840166E-06
  1.6675643564667553E-04 -2.6957523004966788E-05 -3.6236317828297615E-04
  3.6473743617534637E-02 -6.1119169458834222E-07 -2.6957523004966788E-05
  7.8831224527675658E-05  1.6709899064153433E-03 -6.1963233165442944E-03
 -1.1269617061770987E-05 -3.6236317828297615E-04  1.6709899064153433E-03
  3.6045964807271957E-02 -8.0944716930389404E-02  2.5806805933825672E-04
  3.6473743617534637E-02 -6.1963233165442944E-03 -8.0944716930389404E-02
   83.70444488525391    
  8.1087406724691391E-03 -0.5539129376411438       5.978629589080811    
 -0.2563551962375641       1.382007718086243    
  7.8035462536263367E-08  3.7677828856885753E-08 -2.1997016119712498E-06
 -2.9216638722573407E-05 -5.9308777053956874E-06  3.7677828856885753E-08
  1.2466538464650512E-04 -1.4040671203474631E-06 -2.1228057448752224E-05
 -4.9581229686737061E-03 -2.1997016119712498E-06 -1.4040671203474631E-06
  7.3380004323553294E-05  1.0628747986629605E-03  1.8050671496894211E-04
 -2.9216638722573407E-05 -2.1228057448752224E-05  1.0628747986629605E-03
  1.6065420582890511E-02  2.5044009089469910E-03 -5.9308777053956874E-06
 -4.9581229686737061E-03  1.8050671496894211E-04  2.5044009089469910E-03
  0.2474554926156998    
  7.7712102793157101E-03 -0.5363642573356628       5.999480724334717    
  0.4816780984401703      5.7429384440183640E-02
  4.4418877465091100E-09 -5.8093760912925063E-09 -4.7349627152470930E-07
 -2.8559385100379586E-05 -4.0096406337397639E-06 -5.8093760912925063E-09
  4.5464216782420408E-06  5.5185199698826182E-07  4.7693371016066521E-05
 -3.9874549838714302E-04 -4.7349627152470930E-07  5.5185199698826182E-07
  5.2499195589916781E-05  3.2533521298319101E-03  4.6634473255835474E-04
 -2.8559385100379586E-05  4.7693371016066521E-05  3.2533521298319101E-03
  0.2107811570167542      2.9406845569610596E-02 -4.0096406337397639E-06
 -3.9874549838714302E-04  4.6634473255835474E-04  2.9406845569610596E-02
  4.3929725885391235E-02
 -2.9488226398825645E-02  0.2127148509025574       5.248527050018311    
   1.499716639518738      -7.227344989776611    
  3.9950822383616469E-07  1.0102726832883491E-07 -1.1701863513735589E-05
 -1.5972534311003983E-04 -7.3428475297987461E-04  1.0102726832883491E-07
  4.5661302283406258E-04 -9.2028276412747800E-06 -1.5841447748243809E-04
  0.1200594529509544     -1.1701863513735589E-05 -9.2028276412747800E-06
  4.8085185699164867E-04  7.2823693044483662E-03  1.2579890899360180E-02
 -1.5972534311003983E-04 -1.5841447748243809E-04  7.2823693044483662E-03
  0.1131405383348465      0.1247806996107101     -7.3428475297987461E-04
  0.1200594529509544      1.2579890899360180E-02  0.1247806996107101    
   206.1064300537109    
  2.3392610251903534E-02  0.6685945987701416       2.299212455749512    
  0.1380814015865326       81.20616149902344    
  9.1194797278149053E-06 -1.9978368072770536E-05 -1.7377137555740774E-04
 -1.7048765439540148E-03  0.0000000000000000E+00 -1.9978368072770536E-05
   27354.57421875000      0.0000000000000000E+00  0.0000000000000000E+00
  -530956.2500000000     -1.7377137555740774E-04  0.0000000000000000E+00
  3.3183714840561152E-03  3.2637849450111389E-02 -7.4565345421433449E-03
 -1.7048765439540148E-03  0.0000000000000000E+00  3.2637849450111389E-02
  0.3219619393348694     -7.3447465896606445E-02  0.0000000000000000E+00
  -530956.2500000000     -7.4565345421433449E-03 -7.3447465896606445E-02
   10471988.00000000    
  3.0902499333024025E-02  -2.350086212158203       2.120234489440918    
  -1.022897362709045       112.9188690185547    
  1.7974698494072072E-06  0.0000000000000000E+00 -3.4194370527984574E-05
 -3.7135215825401247E-04 -3.6312956945039332E-04  0.0000000000000000E+00
   11170.19628906250     -1.0801378812175244E-04 -1.1826540576294065E-03
  -235181.9687500000     -3.4194370527984574E-05 -1.0801378812175244E-04
  6.5279623959213495E-04  7.1223732084035873E-03  4.6134768053889275E-03
 -3.7135215825401247E-04 -1.1826540576294065E-03  7.1223732084035873E-03
  7.8259073197841644E-02  5.0513431429862976E-02 -3.6312956945039332E-04
  -235181.9687500000      4.6134768053889275E-03  5.0513431429862976E-02
   5094471.000000000    
  1.0965649038553238E-02 -0.1019210815429688       5.687445640563965    
 -0.2719593048095703      -36.78178405761719    
  2.5007198019011412E-06  0.0000000000000000E+00 -5.2733004849869758E-05
 -5.4884224664419889E-04 -1.5300387167371809E-04  0.0000000000000000E+00
   12530.34179687500     -1.4955615915823728E-04 -1.5651636058464646E-03
  -266323.7812500000     -5.2733004849869758E-05 -1.4955615915823728E-04
  1.1156443506479263E-03  1.1651366949081421E-02  0.0000000000000000E+00
 -5.4884224664419889E-04 -1.5651636058464646E-03  1.1651366949081421E-02
  0.1221902519464493      0.0000000000000000E+00 -1.5300387167371809E-04
  -266323.7812500000      0.0000000000000000E+00  0.0000000000000000E+00
   5850863.000000000    
 -1.8404642120003700E-02  -1.123255014419556       4.955528736114502    
  -4.252731323242188       42.32219696044922    
  2.7843650514114415E-06 -8.2389215094735846E-06 -6.1822953284718096E-05
 -5.8892572997137904E-04 -3.5208443296141922E-04 -8.2389215094735846E-06
   15236.83007812500      0.0000000000000000E+00 -1.7560442211106420E-03
  -321647.6875000000     -6.1822953284718096E-05  0.0000000000000000E+00
  1.3773166574537754E-03  1.3169028796255589E-02  3.9153504185378551E-03
 -5.8892572997137904E-04 -1.7560442211106420E-03  1.3169028796255589E-02
  0.1264900416135788      3.7521649152040482E-02 -3.5208443296141922E-04
  -321647.6875000000      3.9153504185378551E-03  3.7521649152040482E-02
   6956447.500000000    
