  7.1829102933406830E-02  6.2877103686332703E-02  0.2835359871387482    
  2.4544799234718084E-03  0.0000000000000000E+00  0.0000000000000000E+00
  0.0000000000000000E+00  2.3850100114941597E-03  0.0000000000000000E+00
  0.0000000000000000E+00  0.0000000000000000E+00  1.9891200587153435E-02
  4.4979826E-03
          21
  2.9653767123818398E-02 -0.1833210289478302       5.414666175842285    
  -124.0769271850586       16.69341468811035    
  1.0964799912471790E-06  4.2883172568508598E-07 -7.8328439485630952E-06
 -9.8987726960331202E-04 -2.8461383772082627E-04  4.2883172568508598E-07
  2.4869968910934404E-05 -3.1586776003678096E-06 -4.2307708645239472E-04
 -1.0604347335174680E-03 -7.8328439485630952E-06 -3.1586776003678096E-06
  5.6265071179950610E-05  7.1623655967414379E-03  2.0537441596388817E-03
 -9.8987726960331202E-04 -4.2307708645239472E-04  7.1623655967414379E-03
  0.9378978610038757      0.2666015326976776     -2.8461383772082627E-04
 -1.0604347335174680E-03  2.0537441596388817E-03  0.2666015326976776    
  0.1147667467594147    
 -1.1240876046940684E-03 -0.1134924739599228       5.909408092498779    
  0.1079236567020416       1.957738399505615    
  2.1150634021971371E-10 -1.3208124698127488E-11 -2.2469858862450565E-08
 -1.0828590575329144E-06  5.7858380309028234E-09 -1.3208124698127488E-11
  3.5700284684025974E-07  1.2808512028783525E-09  4.5726761044306841E-08
 -3.8503512769239023E-05 -2.2469858862450565E-08  1.2808512028783525E-09
  2.4845508050930221E-06  1.2330990284681320E-04 -6.4856357084863703E-07
 -1.0828590575329144E-06  4.5726761044306841E-08  1.2330990284681320E-04
  6.3551641069352627E-03 -3.1932464480632916E-05  5.7858380309028234E-09
 -3.8503512769239023E-05 -6.4856357084863703E-07 -3.1932464480632916E-05
  4.6406993642449379E-03
 -5.2650546422228217E-04  7.4855759739875793E-02   5.371940135955811    
 -0.1222382858395576       1.405495405197144    
  2.3193755943617944E-11 -5.2280276462146613E-12 -2.0305670478393267E-09
 -3.5928916730654237E-08 -1.8068512019908667E-08 -5.2280276462146613E-12
  3.4807192150765331E-07  2.7773330510405536E-11 -3.3283595324284931E-10
  4.2824592674151063E-04 -2.0305670478393267E-09  2.7773330510405536E-11
  3.4626367551027215E-07  5.0476087380957324E-06  2.9048700866951549E-07
 -3.5928916730654237E-08 -3.3283595324284931E-10  5.0476087380957324E-06
  1.9891683768946677E-04  2.7849603156937519E-06 -1.8068512019908667E-08
  4.2824592674151063E-04  2.9048700866951549E-07  2.7849603156937519E-06
   6.092373371124268    
  1.2062976602464914E-03 -1.8917396664619446E-02   5.236350059509277    
 -0.1085126847028732       1.456957697868347    
  5.4555918810317294E-11 -1.3371645804505228E-11 -4.3994661247381828E-09
 -8.3459575250799389E-08 -1.9006645146646406E-09 -1.3371645804505228E-11
  8.8904846506920876E-07  1.9315550547904792E-10  1.5612732218173164E-09
  5.1706054364331067E-05 -4.3994661247381828E-09  1.9315550547904792E-10
  1.0491287412150996E-06  1.9857832739944570E-05  4.1616591062165753E-08
 -8.3459575250799389E-08  1.5612732218173164E-09  1.9857832739944570E-05
  4.2840294190682471E-04  5.6064385489662527E-07 -1.9006645146646406E-09
  5.1706054364331067E-05  4.1616591062165753E-08  5.6064385489662527E-07
  0.1146414726972580    
 -5.0771358655765653E-04 -3.8515394553542137E-03   2.316058158874512    
  0.1050050407648087       1.393575429916382    
  3.1860580146370054E-11  1.3685366316747161E-13 -3.0015008256611964E-09
 -6.3391524918188225E-08  1.2877320043624962E-10  1.3685366316747161E-13
  3.6740004816238070E-07  0.0000000000000000E+00  0.0000000000000000E+00
  5.9157398936804384E-05 -3.0015008256611964E-09  0.0000000000000000E+00
  4.4748276195605285E-07  8.7152729975059628E-06 -1.5261134578281599E-08
 -6.3391524918188225E-08  0.0000000000000000E+00  8.7152729975059628E-06
  2.6692525716498494E-04 -3.7272926078912860E-07  1.2877320043624962E-10
  5.9157398936804384E-05 -1.5261134578281599E-08 -3.7272926078912860E-07
  0.3252949714660645    
  3.9468551403842866E-04  5.3482159972190857E-02   5.442641258239746    
 -0.1080538257956505       1.437253832817078    
  2.2048481096437200E-11  1.4481398935908829E-12 -2.3189477005303161E-09
 -4.7230624744543093E-08  2.5292534733267757E-09  1.4481398935908829E-12
  2.6420420340400597E-07  0.0000000000000000E+00  2.7390140155958420E-10
  1.0009509423980489E-04 -2.3189477005303161E-09  0.0000000000000000E+00
  3.6378730783326318E-07  6.8384633777895942E-06 -6.8396388996916357E-08
 -4.7230624744543093E-08  2.7390140155958420E-10  6.8384633777895942E-06
  1.7747154925018549E-04 -1.1330133702358580E-06  2.5292534733267757E-09
  1.0009509423980489E-04 -6.8396388996916357E-08 -1.1330133702358580E-06
  0.5023181438446045    
 -1.4825320104137063E-03 -0.1884977072477341       5.340266227722168    
 -0.1261174827814102       1.831529498100281    
  5.7009327814050437E-11  2.5801830116911617E-10 -4.6533235043000332E-09
 -8.9153814997189329E-08  1.8044540084360960E-08  2.5801830116911617E-10
  1.3364298183660139E-06 -5.4939079952021075E-09 -5.6679162696582353E-08
  3.0746694392291829E-05 -4.6533235043000332E-09 -5.4939079952021075E-09
  1.3050582765572472E-06  2.4202528948080726E-05 -4.9057535989049939E-07
 -8.9153814997189329E-08 -5.6679162696582353E-08  2.4202528948080726E-05
  5.1522062858566642E-04 -6.5688786889950279E-06  1.8044540084360960E-08
  3.0746694392291829E-05 -4.9057535989049939E-07 -6.5688786889950279E-06
  5.4468557238578796E-02
  1.6015203436836600E-03  1.7465017735958099E-02   2.180946350097656    
  3.3487107604742050E-02   1.315732955932617    
  8.0210518782486417E-11  2.8185471317998534E-11 -6.2085185881244342E-09
 -1.0399351424439374E-07  9.5780459119509942E-09  2.8185471317998534E-11
  1.3386944601734285E-06 -5.3408133471322117E-10 -5.3687667644908288E-09
  3.2352984999306500E-04 -6.2085185881244342E-09 -5.3408133471322117E-10
  1.6441003936051857E-06  2.6967793019139208E-05 -1.9589680277931620E-07
 -1.0399351424439374E-07 -5.3687667644908288E-09  2.6967793019139208E-05
  5.3827930241823196E-04 -2.6584486931824358E-06  9.5780459119509942E-09
  3.2352984999306500E-04 -1.9589680277931620E-07 -2.6584486931824358E-06
  0.9117723703384399    
 -5.5183032527565956E-03  0.3649059832096100       4.916709899902344    
 -5.6800425052642822E-02   1.543809056282043    
  5.7724697244410095E-10 -2.9190166728199074E-08 -6.3078942957872641E-08
 -1.0013377504947130E-06 -1.4488245142274536E-05 -2.9190166728199074E-08
  1.7776410459191538E-05  6.4386148324047099E-07  6.7535947891883552E-06
  8.0320825800299644E-03 -6.3078942957872641E-08  6.4386148324047099E-07
  1.6815953131299466E-05  2.7638618485070765E-04  2.8418729198165238E-04
 -1.0013377504947130E-06  6.7535947891883552E-06  2.7638618485070765E-04
  4.6699335798621178E-03  2.7427126187831163E-03 -1.4488245142274536E-05
  8.0320825800299644E-03  2.8418729198165238E-04  2.7427126187831163E-03
   38.83990859985352    
  4.4776457361876965E-03 -5.2664853632450104E-02   5.744444847106934    
  -1.505410432815552      0.9442505836486816    
  3.6598044039770627E-10 -1.6817648385014650E-09 -1.4617256738347351E-08
 -2.4686573851795401E-07  2.9904729359486737E-08 -1.6817648385014650E-09
  8.2749602370313369E-06  3.7369087380056953E-08  4.1340325651617604E-07
 -2.2055736917536706E-04 -1.4617256738347351E-08  3.7369087380056953E-08
  4.1720054468896706E-06  8.7789143435657024E-05 -7.3681974299688591E-08
 -2.4686573851795401E-07  4.1340325651617604E-07  8.7789143435657024E-05
  1.9197034416720271E-03  6.1465502767532598E-06  2.9904729359486737E-08
 -2.2055736917536706E-04 -7.3681974299688591E-08  6.1465502767532598E-06
  1.0040900669991970E-02
  5.3767039207741618E-04 -4.7839686274528503E-02   2.348076581954956    
  7.0586130023002625E-02   1.782371163368225    
  2.7182453510299354E-10  2.4310436476382424E-12 -2.5630070510374026E-08
 -1.0772766927402699E-06 -8.6412083044606902E-10  2.4310436476382424E-12
  3.7746306702501897E-07 -2.3190155351571207E-10 -6.7876659848309373E-09
 -3.6498902773018926E-05 -2.5630070510374026E-08 -2.3190155351571207E-10
  2.4734911221457878E-06  1.0656855738488957E-04  7.8504761802378198E-08
 -1.0772766927402699E-06 -6.7876659848309373E-09  1.0656855738488957E-04
  4.7678933478891850E-03  3.2743698739068350E-06 -8.6412083044606902E-10
 -3.6498902773018926E-05  7.8504761802378198E-08  3.2743698739068350E-06
  3.8931553717702627E-03
  2.4685836979188025E-04  2.5718465447425842E-02   2.331066370010376    
  2.2516783326864243E-02   1.271425366401672    
  7.7109185703250205E-10 -2.9964592005576884E-12 -9.1611461527918436E-08
 -4.9186851356353145E-06  1.2171428309670773E-09 -2.9964592005576884E-12
  4.5485259647648490E-07  2.6769728100894952E-10  9.6738528299056270E-09
 -5.0695547543000430E-05 -9.1611461527918436E-08  2.6769728100894952E-10
  1.0940943866444286E-05  5.9066800167784095E-04 -1.5533849762050522E-07
 -4.9186851356353145E-06  9.6738528299056270E-09  5.9066800167784095E-04
  3.2147586345672607E-02 -8.4202674770494923E-06  1.2171428309670773E-09
 -5.0695547543000430E-05 -1.5533849762050522E-07 -8.4202674770494923E-06
  6.1263367533683777E-03
  8.6240153759717941E-03   1.760388135910034       5.966914176940918    
 -0.2266024053096771       1.980399250984192    
  4.8722768042352982E-08  1.9512015114742098E-07 -1.6756828244979260E-06
 -2.1260457288008183E-05  1.6075940220616758E-04  1.9512015114742098E-07
  4.1180974221788347E-04  1.2060104381816927E-07  2.9155477022868581E-05
  2.8329297900199890E-02 -1.6756828244979260E-06  1.2060104381816927E-07
  6.8130328145343810E-05  9.0145459398627281E-04 -3.5301600582897663E-03
 -2.1260457288008183E-05  2.9155477022868581E-05  9.0145459398627281E-04
  1.2289484962821007E-02 -3.6716815084218979E-02  1.6075940220616758E-04
  2.8329297900199890E-02 -3.5301600582897663E-03 -3.6716815084218979E-02
   54.07537841796875    
  3.0628191307187080E-03 -8.7266616523265839E-02   2.308585405349731    
  0.2301399409770966       2.184415340423584    
  7.6758960299017076E-10  8.9033475036970344E-11 -7.3550594947846548E-08
 -3.1243116609402932E-06 -3.2103901759228393E-08  8.9033475036970344E-11
  7.1517172273161123E-07 -9.6990664388840742E-09 -3.0741287559976627E-07
 -5.8677316701505333E-05 -7.3550594947846548E-08 -9.6990664388840742E-09
  7.6008618634659797E-06  3.3750000875443220E-04  3.4053896342811640E-06
 -3.1243116609402932E-06 -3.0741287559976627E-07  3.3750000875443220E-04
  1.5931211411952972E-02  1.5050225192680955E-04 -3.2103901759228393E-08
 -5.8677316701505333E-05  3.4053896342811640E-06  1.5050225192680955E-04
  5.8423569425940514E-03
 -1.8930549267679453E-03  3.7712901830673218E-02   2.387571334838867    
  0.4083551168441772       1.124789237976074    
  3.8394261103746885E-09  1.2053308351411829E-10 -4.8271732566718129E-07
 -2.9529574021580629E-05 -1.0510684944620152E-07  1.2053308351411829E-10
  8.7462029796370189E-07 -1.3758146621967171E-08 -7.0782044758743723E-07
 -1.1184674804098904E-04 -4.8271732566718129E-07 -1.3758146621967171E-08
  6.1232873122207820E-05  3.7779523991048336E-03  1.3235390724730678E-05
 -2.9529574021580629E-05 -7.0782044758743723E-07  3.7779523991048336E-03
  0.2353842705488205      8.1348815001547337E-04 -1.0510684944620152E-07
 -1.1184674804098904E-04  1.3235390724730678E-05  8.1348815001547337E-04
  1.4935395680367947E-02
 -1.0083675384521484E-02  2.9098454862833023E-02   2.062265634536743    
 -8.1432566046714783E-02  0.7945229411125183    
  2.4219366512312490E-09 -1.3800522946638694E-09 -2.0371115283523977E-07
 -8.2779934018617496E-06  6.4353371520553537E-09 -1.3800522946638694E-09
  3.3857775179058081E-06  1.0071793354882175E-07  4.2845936150115449E-06
 -1.7856493650469929E-04 -2.0371115283523977E-07  1.0071793354882175E-07
  2.0806195607292466E-05  8.9772394858300686E-04  1.6775628637333284E-06
 -8.2779934018617496E-06  4.2845936150115449E-06  8.9772394858300686E-04
  4.2613051831722260E-02  1.0460030898684636E-04  6.4353371520553537E-09
 -1.7856493650469929E-04  1.6775628637333284E-06  1.0460030898684636E-04
  1.0436621494591236E-02
  8.4367245435714722E-03   1.195018887519836       6.155546665191650    
   14.80959129333496       39.80239105224609    
  1.1124001986217991E-07 -2.3631103829302447E-07 -1.2333920494711492E-05
 -6.2710244674235582E-04  3.3842385164462030E-05 -2.3631103829302447E-07
  2.7626583687379025E-05  2.1092182578286156E-05  6.2159297522157431E-04
 -2.5846704374998808E-03 -1.2333920494711492E-05  2.1092182578286156E-05
  1.3734706444665790E-03  7.0237852632999420E-02 -3.5026583354920149E-03
 -6.2710244674235582E-04  6.2159297522157431E-04  7.0237852632999420E-02
   3.628955364227295     -0.1545580476522446      3.3842385164462030E-05
 -2.5846704374998808E-03 -3.5026583354920149E-03 -0.1545580476522446    
  0.2631529867649078    
  4.5442260801792145E-02  9.4289474189281464E-02   5.076704978942871    
 -0.7464959025382996       11.74850177764893    
  1.0329645192541648E-06 -3.8531393329321872E-06 -1.8860022464650683E-05
 -2.2961177455727011E-04  0.0000000000000000E+00 -3.8531393329321872E-06
   8983.054687500000      0.0000000000000000E+00  0.0000000000000000E+00
  -194884.1718750000     -1.8860022464650683E-05  0.0000000000000000E+00
  3.4503883216530085E-04  4.2151031084358692E-03 -1.5501562738791108E-03
 -2.2961177455727011E-04  0.0000000000000000E+00  4.2151031084358692E-03
  5.1903288811445236E-02 -1.9012486562132835E-02  0.0000000000000000E+00
  -194884.1718750000     -1.5501562738791108E-03 -1.9012486562132835E-02
   4352742.500000000    
 -5.2318446338176727E-02  0.4229049682617188       1.830103039741516    
   2.434387683868408       17.67065811157227    
  1.1220196256545023E-06  0.0000000000000000E+00 -1.7284608475165442E-05
 -2.2080284543335438E-04 -8.4282408352009952E-05  0.0000000000000000E+00
   9067.321289062500     -6.2209757743403316E-05 -8.0118031473830342E-04
  -186400.3125000000     -1.7284608475165442E-05 -6.2209757743403316E-05
  2.6675840490497649E-04  3.4188709687441587E-03  0.0000000000000000E+00
 -2.2080284543335438E-04 -8.0118031473830342E-04  3.4188709687441587E-03
  4.4244728982448578E-02  0.0000000000000000E+00 -8.4282408352009952E-05
  -186400.3125000000      0.0000000000000000E+00  0.0000000000000000E+00
   3956885.250000000    
 -4.4614575803279877E-02 -0.5265995860099792       2.007083415985107    
   1.612481236457825       23.58898925781250    
  2.0602963104465744E-06 -7.3207907007599715E-06 -3.5647652111947536E-05
 -4.3957753223367035E-04  0.0000000000000000E+00 -7.3207907007599715E-06
   16257.96972656250      0.0000000000000000E+00  0.0000000000000000E+00
  -340839.9062500000     -3.5647652111947536E-05  0.0000000000000000E+00
  6.1826559249311686E-04  7.6525798067450523E-03 -2.6894395705312490E-03
 -4.3957753223367035E-04  0.0000000000000000E+00  7.6525798067450523E-03
  9.5397800207138062E-02 -3.3407457172870636E-02  0.0000000000000000E+00
  -340839.9062500000     -2.6894395705312490E-03 -3.3407457172870636E-02
   7311871.000000000    
 -3.3510152250528336E-02 -0.2595781683921814       2.538467407226563    
   5.982150077819824       7.793452262878418    
  8.6265090430970304E-06 -2.2220949176698923E-05 -1.3324934116099030E-04
 -1.6243301797658205E-03  0.0000000000000000E+00 -2.2220949176698923E-05
   35774.21484375000      0.0000000000000000E+00  0.0000000000000000E+00
  -710134.8750000000     -1.3324934116099030E-04  0.0000000000000000E+00
  2.0638452842831612E-03  2.5247903540730476E-02 -6.8826861679553986E-03
 -1.6243301797658205E-03  0.0000000000000000E+00  2.5247903540730476E-02
  0.3104559183120728     -8.4414944052696228E-02  0.0000000000000000E+00
  -710134.8750000000     -6.8826861679553986E-03 -8.4414944052696228E-02
   14345604.00000000    
